3
6
9
10
11
18
21
26
28
33
34
36
37
52
56
58
59
61
63
68
69
73
80
87
89
91
98
101
104
105
106
113
119
121
122
125
129
133
135
137
141
142
144
153
168
171
181
182
183
185
187
189
192
195
196
209
214
215
218
221
229
230
236
248
249
250
260
261
267
270
275
277
278
281
285
290
291
293
303
311
313
319
323
324
337
341
342
344
345
346
348
349
351
352
353
354
357
358
359
360
362
363
365
366
368
370
371
372
374
375
376
377
381
396
399
403
404
405
406
409
412
422
427
436
443
446
452
453
454
457
484
487
488
492
501
507
512
530
545
549
550
555
557
568
569
571
572
574
576
579
580
593
597
603
607
609
610
614
615
623
627
628
633
634
635
640
647
654
662
666
667
671
689
691
693
702
704
705
709
710
722
726
737
740
755
760
761
774
775
777
779
780
783
785
787
790
791
794
795
797
798
800
801
802
805
806
809
813
814
823
825
834
835
838
846
853
856
863
864
865
879
881
884
885
888
891
894
896
898
899
903
910
912
916
917
919
920
921
922
925
930
933
935
939
941
945
946
950
955
956
959
960
962
967
968
969
972
974
976
977
979
980
981
982
983
984
985
987
989
990
992
995
997
998
1000
1003
1004
1005
1006
1007
1010
1011
1012
1013
1014
1015
1016
1018
1019
1020
1023
1024
1025
1026
1027
1028
1029
1031
1032
1034
1035
1036
1038
1041
1042
1043
1044
1045
1047
1053
1055
1057
1060
1061
1062
1063
1064
1065
1066
1067
1068
1069
1070
1071
1074
1075
1076
1077
1080
1081
1082
1085
1087
1088
1089
1090
1097
1099
1101
1113
1117
1121
1141
1155
1165
1166
1168
1181
1182
1191
1199
1207
1220
1221
1224
1234
1238
1240
1244
1246
1248
1259
1261
1263
1267
1273
1274
1276
1280
1281
1286
1287
1288
1293
1294
1295
1298
1299
1302
1303
1305
1307
1310
1313
1336
1339
1341
1342
1364
1365
1367
1370
1371
1372
1373
1374
1375
1376
1377
1378
1380
1382
1383
1386
1387
1389
1390
1392
1394
1395
1396
1400
1402
1403
1404
1405
1406
1407
1409
1411
1417
1419
1421
1424
1426
1428
1433
1438
1442
1447
1454
1455
1461
1478
1479
1481
1486
1489
1492
1495
1496
1503
1506
1507
1511
1519
1524
1526
1527
1532
1533
1537
1542
1551
1556
1564
1568
1570
1574
1575
1582
1585
1588
1617
1633
1636
1638
1719
1752
1753
1769
1828
1867
1910
1917
1920
1927
1933
1971
1982
2005
2010
2021
2028
2045
2080
2100
2104
2105
2110
2121
2135
2140
2151
2158
2180
2195
2205
2213
2233
2235
2236
2241
2261
2289
2334
2336
2350
2384
2447
2494
2512
2519
2528
2536
2550
2589
2592
2610
2620
2625
2630
2631
2637
2653
2655
2673
2677
2688
2703
2725
2736
2737
2740
2755
2757
2758
2763
2764
2766
2771
2774
2776
2787
2789
2793
2814
2816
2818
2831
2833
2842
2882
2887
2899
2904
2907
2911
2919
2934
2935
2962
2965
2977
2982
2984
2986
2989
2992
2994
3013
3016
3028
3033
3051
3055
3064
3067
3075
3085
3087
3105
3117
3118
3130
3140
3151
3154
3172
3352
3466
3551
3851
3873
3956
4316
4473
4499
4545
4636
4826
4832
5008
5080
5161
5566
6223
6238
6375
6575
6642
7424
7431
7652
7891
8307
8454
8576
8589
8922
9232
9533
9810
9893
9972
10080
10323
11180
11425
11429
11514
11838
11946
12254
12367
12396
12538
12883
13223
13233
13635
13658
14037
14211
14233
14648
15063
15067
15415
15546
15646
16455
16664
16912
17093
17168
17391
17679
17977
18275
18873
18900
19275
19425
19451
20257
21040
21247
21387
21641
21642
21749
21999
22067
22133
22464
22810
22888
23808
23850
24128
24658
24977
25028
25125
25418
25827
26670
26815
27075
27553
27649
27698
27757
27945
27962
28308
28836
28907
29170
29286
29405
29745
29881
29937
30008
30298
30525
30553
30580
30898
31125
31344
31469
31495
31828
32722
32727
32820
32863
33132
33304
33379
33504
33943
34556
34786
35113
35533
35561
36586
36657
36731
36870
37278
37519
37926
38131
38139
38323
38418
38688
38776
38811
38967
39036
39275
39769
40042
40561
40644
40670
40699
40789
40811
41061
41191
41298
41330
41340
41360
41389
41459
41705
41925
42034
42135
42162
42176
42347
42428
42546
42591
42774
42858
42974
43259
43922
43957
44255
44282
44376
44526
44594
44617
44729
44885
45136
45357
45494
45596
45846
45875
45945
46021
46052
46068
46083
46193
46252
46439
46475
46617
46850
47034
47273
47497
47527
47752
47887
48056
48070
48234
48623
48865
49037
49082
49189
49492
49701
49712
49936
50063
50221
50287
50443
51091
51207
51777
51862
52461
52466
52576
52612
52706
52745
52935
52939
53018
53135
53141
53354
53387
53428
53447
53658
53741
53744
53814
53920
54094
54107
54180
54402
54550
54606
54668
54877
55241
55302
55566
55606
55831
55956
55979
56077
56138
56336
56508
56555
56563
56872
56877
56927
57326
57817
58023
58573
58615
58908
58916
59019
59144
59274
59430
59535
59762
60120
60162
60328
60391
60488
60570
60644
60778
60871
60969
61172
61232
61699
61736
61742
61768
61895
61908
62375
62459
62509
62535
62703
62790
63009
63183
63523
63571
63643
63829
63941
64045
64140
64346
64360
64833
64886
65131
65193
65304
65601
65927
66097
66112
66219
66274
66323
66701
66754
66850
66862
67153
67428
67548
67565
68065
68517
68606
68947
69302
69354
69399
69461
69621
69824
70027
70145
70245
70486
70821
70875
70893
70977
70999
71451
71484
71559
71593
71646
71649
72092
72105
72352
72358
72430
72495
72618
72717
72954
73047
73514
73567
73578
73944
74096
74204
74280
74281
74583
74680
74750
74851
74880
74909
75351
75439
75499
75799
75802
76030
76076
76170
76571
76692
76714
76926
77051
77456
77491
77614
77655
77743
77916
78068
78435
78699
78904
79140
79166
80121
80152
80384
80516
80578
80617
80978
81307
81349
81594
81642
81686
81752
81938
82039
82802
82843
83045
83353
83559
83727
83743
83752
83828
83990
84023
84234
84251
84616
84835
84918
85327
85380
85403
85456
85462
85474
85877
85878
85910
86301
86373
86769
86797
86821
86901
86997
87016
87146
87418
87478
87507
87628
87670
88509
89213
90297
92688
92850
96525
97194
97762
98007
98119
98266
98777
98850
99177
99968
102850
102852
102870
102875
102876
102877
102879
102892
102897
102904
102913
102914
102915
102916
102917
102927
102944
102948
102950
102957
102959
102961
102962
102963
102966
102967
102974
102975
102982
102983
102999
103027
103053
103058
103059
103060
103062
103063
103064
103065
103072
103078
103094
103102
103107
103110
103111
103114
103115
103117
103122
103123
103124
103125
103127
103132
103133
103134
103135
103139
103141
103142
103144
103145
103147
103148
103150
103151
103155
103158
103160
103162
103164
103165
103167
103168
103170
103172
103176
103182
103183
103187
103189
103193
103194
103196
103197
103201
103202
103203
103205
103206
103207
103209
103210
103211
103212
103213
103214
103215
103216
103218
103219
103221
103228
103232
103234
103239
103243
103246
103247
103249
103250
103251
103252
103258
103268
103270
103274
103277
103280
103283
103286
103288
103293
103295
103296
103298
103299
103302
103304
103305
103306
103309
103310
103311
103313
103314
103316
103317
103320
103321
103322
103325
103326
103328
103331
103333
103334
103337
103339
103340
103345
103348
103350
103352
103353
103354
103356
103360
103361
103364
103366
103367
103368
103369
103372
103374
103375
103377
103378
103379
103380
103381
103382
103383
103384
103385
103387
103388
103389
103390
103391
103392
103393
103394
103395
103398
103399
103401
103402
103405
103406
103407
103408
103409
103410
103411
103412
103413
103415
103419
103424
103427
103428
103429
103430
103432
103435
103436
103437
103438
103439
103443
103444
103445
103446
103448
103450
103452
103453
103455
103457
103460
103461
103462
103463
103464
103465
103466
103469
103470
103474
103477
103478
103485
103486
103487
103488
103489
103490
103491
103492
103494
103496
103500
103502
103504
103505
103509
103510
103511
103512
103513
103514
103515
103516
103517
103522
103523
103524
103525
103526
103530
103531
103532
103533
103536
103539
103544
103545
103546
103549
103556
103558
103560
103561
103564
103566
103567
103568
103570
103573
103574
103575
103581
103587
103588
103593
103615
103624
103632
103633
103634
103640
103648
103659
103664
103665
103666
103668
103669
103670
103672
103676
103679
103683
103685
103686
103690
103691
103692
103703
103706
103708
103710
103712
103716
103717
103719
103733
103735
