1093
344
210
592
1222
294
10
319
804
1570
1526
35
540
1104
1330
1452
1465
743
885
287
404
1559
331
194
577
1200
1552
1450
531
1275
97
202
1403
218
624
604
1421
425
494
635
1423
1448
720
887
985
1152
216
690
748
181
1489
1527
461
269
652
1328
1288
859
1391
1444
1459
667
1032
1517
727
1007
1323
713
305
566
1188
1482
444
563
172
1286
487
1077
848
205
613
1193
1376
309
1154
805
392
1345
1111
173
338
428
938
928
472
816
142
1240
235
908
1227
1105
549
802
834
1432
611
742
525
1557
1487
793
578
1115
562
30
1396
1381
80
1468
951
831
1262
782
1248
1236
954
446
79
123
1505
353
676
893
1189
388
1460
149
280
116
1294
365
382
904
1252
105
1540
858
171
1365
1522
689
113
1237
724
1019
1332
1217
50
1145
997
1000
874
1550
998
1250
790
519
1137
68
1379
1318
1287
273
406
357
1122
386
243
922
1343
1041
1283
1327
564
400
751
1360
1245
940
285
836
358
507
1107
476
373
435
841
1565
750
161
329
355
1392
1277
931
569
1241
709
224
247
1491
898
478
1231
156
98
741
660
1529
999
1297
1150
678
474
509
665
875
121
862
1458
1525
394
544
981
484
1494
939
434
450
651
770
69
1532
1313
815
1581
1153
1089
454
719
1479
1377
412
1410
381
101
25
1280
256
112
120
681
1158
745
655
132
501
1258
1078
735
286
170
1073
1129
1406
1110
165
1130
1050
1131
1560
1151
1290
796
739
1350
911
924
496
66
609
1574
28
23
760
686
1359
488
502
1219
1558
52
1173
1074
449
1030
685
1537
1571
380
397
342
1427
828
648
1214
231
204
343
1424
1511
1438
980
1426
867
480
1092
78
1272
680
618
33
772
1329
977
316
1493
1208
1416
967
152
42
996
896
1467
38
522
684
264
820
96
878
800
1253
947
315
140
668
812
1520
1090
384
99
1315
1098
196
1453
548
47
352
654
175
284
1344
93
95
193
1106
854
1567
1549
1042
1477
163
920
6
464
1351
1211
984
845
1221
628
1516
933
363
1399
588
670
1029
411
145
1175
168
1068
94
1515
987
1091
1056
791
590
1285
1003
794
798
594
405
647
1169
923
559
975
884
808
870
214
561
1513
849
649
1576
70
969
241
180
512
576
1259
325
601
583
5
1016
1420
1510
620
614
1046
1502
150
873
324
1575
1229
598
1483
1281
1235
349
419
1382
197
1225
1398
915
177
298
493
1309
1195
1422
438
973
1509
675
1435
1370
1210
662
704
366
1213
483
1299
1425
1191
337
56
615
1215
174
1334
1498
489
301
1390
1271
825
1148
930
321
318
754
535
515
1311
1495
640
682
1589
837
375
1
1164
1009
372
291
276
199
718
683
326
964
1057
1212
1161
1097
20
1178
712
407
1015
1310
200
783
1103
1023
1143
955
674
1380
658
310
935
65
304
1321
950
1386
948
883
422
1201
320
789
606
1207
1204
8
26
1542
1501
784
1473
1011
188
346
886
707
573
1040
1242
2
763
913
1135
1413
581
1006
781
623
916
1572
767
857
1331
889
477
221
1492
393
424
1388
1304
1205
295
7
616
621
1369
861
1300
302
1125
1147
972
759
876
415
778
369
1160
262
974
1484
72
76
1233
895
1149
978
90
538
1048
1471
1580
882
1123
332
1519
43
1440
607
747
252
775
617
824
1142
740
710
1238
182
1273
1469
1547
1430
377
1141
520
54
757
1010
953
1587
126
906
1053
1117
673
900
75
159
526
1485
702
1101
925
871
605
1319
838
128
864
1298
141
1373
468
84
144
785
1024
423
498
1538
1274
1012
1518
1449
1054
807
1534
832
653
167
1279
1569
1408
354
1230
1044
169
1197
1167
1412
1561
73
768
1255
1553
267
1177
274
926
195
1172
1474
1584
179
1184
213
396
1375
1411
356
1433
1499
100
117
1454
1531
1226
694
636
85
308
881
943
1232
283
626
1346
505
1022
827
1588
1302
810
470
533
334
1261
148
554
1436
650
490
830
557
558
638
612
1138
360
1099
736
1394
18
528
669
1282
1585
761
300
1020
469
299
905
1246
1100
184
991
259
715
59
1428
1079
1018
527
952
293
71
1171
227
1244
1462
290
853
584
722
776
1176
663
1112
91
799
734
1001
1409
440
534
1586
1134
1256
855
877
198
803
565
251
374
1055
21
630
1084
714
1384
1108
1118
441
208
596
921
706
1144
479
1170
1500
1067
729
1080
77
160
646
777
1564
154
1194
176
1563
543
1063
362
239
899
119
890
1405
1081
1476
1322
1254
103
348
1342
1393
1043
1087
270
271
31
708
850
903
4
732
336
762
330
823
110
51
1072
1371
1545
1541
797
1069
19
1385
1306
912
1128
580
1004
1543
945
1362
417
666
118
1414
1437
901
661
323
3
345
240
1187
897
370
395
475
1257
960
401
147
769
1475
1002
492
1196
107
1496
976
1061
1562
574
1419
1269
155
1395
48
1276
944
1140
1326
40
1353
82
552
186
568
311
57
351
902
1355
1337
17
1086
691
1133
391
961
1121
456
764
418
421
15
277
265
821
963
1486
282
1336
909
1243
416
46
1447
550
1366
957
679
602
968
1047
1577
439
447
131
481
589
403
671
1113
452
1014
637
659
1301
230
1179
457
517
1378
383
521
829
510
88
1521
556
634
27
733
1051
1094
711
228
965
988
866
610
817
222
801
1514
852
1417
67
529
1325
814
1183
1372
1180
542
102
1168
307
236
1305
693
1166
387
191
1035
473
786
1415
956
124
467
1446
1088
429
1316
582
361
92
737
645
350
41
296
1132
1455
14
863
463
137
1109
44
1182
1512
63
1289
437
245
656
134
632
60
87
1163
1539
9
664
58
545
499
445
1064
600
491
513
523
591
1443
1082
1045
232
1307
459
642
872
64
530
1185
643
1005
1352
1528
340
1554
212
1551
1071
220
471
1533
1218
705
811
1339
627
779
109
1070
1033
115
856
55
258
844
697
1583
1523
1085
237
942
537
746
755
1037
813
792
593
371
949
129
946
1347
49
453
1463
1400
402
818
795
962
217
1441
1223
133
1270
1335
242
701
1387
1249
233
1397
207
731
1488
1578
130
448
248
1431
135
927
430
376
572
1341
1556
1260
979
111
1503
1364
788
1278
1049
1039
11
717
744
61
390
1451
246
1209
567
698
1139
13
536
1114
1303
518
486
442
1312
379
322
700
157
359
894
1445
1530
1404
504
1497
1031
146
847
1120
771
982
551
758
339
1025
1434
1573
368
166
633
774
1127
511
688
503
1034
1136
723
629
136
1265
1324
189
292
39
695
164
822
595
333
389
1065
1174
433
990
728
278
451
1456
560
1548
672
1076
687
1429
108
1267
910
327
234
570
398
1216
1268
250
460
238
1251
1546
644
74
1457
608
1461
657
1192
541
297
192
206
1203
1566
427
1418
929
201
1206
1340
1155
12
1075
958
86
268
1317
1296
219
364
888
279
726
485
317
413
716
261
851
249
1363
1506
1295
819
1017
312
495
749
989
185
1038
1156
106
288
275
347
32
367
1036
547
500
865
158
1464
266
835
341
959
603
62
1466
869
586
995
1314
1059
1027
993
1389
1066
1368
1507
414
1228
203
151
209
585
162
546
1095
787
1367
914
253
1374
1348
1021
409
1126
127
907
1247
408
215
1186
809
1162
553
431
1058
183
225
806
599
1224
1536
1239
1401
314
1124
932
190
756
466
1190
641
1442
138
1119
1264
1508
378
937
22
839
29
1159
579
773
257
1504
1062
1470
81
443
1284
508
1013
1544
1308
1157
455
458
1199
1402
497
289
936
941
303
1266
255
843
1524
532
272
1357
891
1116
223
639
432
840
514
1096
692
313
918
994
16
892
597
211
846
917
263
37
281
1202
420
1439
1052
703
842
625
1356
1555
1354
83
516
1291
114
1293
986
1102
465
1146
738
229
244
780
880
1338
53
934
89
677
1383
699
153
1349
482
619
385
1181
766
1028
833
335
1320
1361
1481
24
399
571
1333
328
1568
826
983
1478
730
125
1263
721
1220
36
254
575
1535
752
622
524
860
631
992
587
178
1008
34
868
1490
1026
1582
1234
966
765
879
426
462
1472
410
122
1198
919
506
696
187
970
1083
306
1480
1060
753
143
725
45
1407
226
971
539
104
1165
1579
436
1358
555
1292
260
