1 * 1940 679 1940 839 1629 839 1629 679
2 * 1725 1934 1725 2247 1176 2247 1176 1934
3 * 2788 1328 2788 1867 1656 1867 1656 1328
4 * 1644 1516 1644 1849 1122 1849 1122 1516
5 * 1902 1421 1902 1732 1339 1732 1339 1421
6 * 3532 1205 3532 2050 1616 2050 1616 1205
7 * 2577 1377 2577 1787 1780 1787 1780 1377
8 * 2288 1076 2288 1287 1951 1287 1951 1076
9 * 3277 972 3277 1860 1386 1860 1386 972
10 * 2218 1468 2218 1816 1820 1816 1820 1468
11 * 2686 1515 2686 2030 1651 2030 1651 1515
12 * 2482 1475 2482 1807 1863 1807 1863 1475
13 * 2364 1277 2364 1756 1349 1756 1349 1277
14 * 2043 1201 2043 1434 1696 1434 1696 1201
15 * 2594 1353 2594 1766 1762 1766 1762 1353
16 * 1819 1789 1819 2051 1288 2051 1288 1789
17 * 2386 1197 2386 1608 1507 1608 1507 1197
18 * 2341 1020 2341 1569 1095 1569 1095 1020
19 * 2551 1408 2551 1766 1964 1766 1964 1408
20 * 2206 1909 2206 2456 1077 2456 1077 1909
21 * 0 0 0 0 0 0 0 0
22 * 2567 1862 2567 2130 2006 2130 2006 1862
23 * 2053 1787 2053 2080 1517 2080 1517 1787
24 * 2137 1273 2137 1580 1600 1580 1600 1273
25 * 2907 1386 2907 1765 2120 1765 2120 1386
26 * 2617 1204 2617 1737 1327 1737 1327 1204
27 * 2606 1276 2606 1755 1636 1755 1636 1276
28 * 2215 1029 2215 1296 1857 1296 1857 1029
29 * 1899 1643 1899 1943 1307 1943 1307 1643
30 * 2344 1402 2344 1779 1738 1779 1738 1402
31 * 2578 1296 2578 1468 2261 1468 2261 1296
32 * 2587 1195 2587 1702 1565 1702 1565 1195
33 * 2066 1601 2066 1888 1664 1888 1664 1601
34 * 2830 1446 2830 1951 1711 1951 1711 1446
35 * 2473 2001 2473 2454 1563 2454 1563 2001
36 * 2770 1175 2770 1709 1545 1709 1545 1175
37 * 1862 432 1862 674 1523 674 1523 432
38 * 2661 1378 2661 1781 1909 1781 1909 1378
39 * 2054 2217 2054 2526 1517 2526 1517 2217
40 * 2370 1313 2370 1587 1822 1587 1822 1313
41 * 577 583 577 871 177 871 177 583
42 * 1045 2070 1045 2401 499 2401 499 2070
43 * 2954 733 2954 920 2625 920 2625 733
44 * 2556 2291 2556 2563 2016 2563 2016 2291
45 * 2511 1380 2511 1762 1882 1762 1882 1380
46 * 2026 1764 2026 2025 1527 2025 1527 1764
47 * 2551 1435 2551 1982 1277 1982 1277 1435
48 * 1972 1668 1972 2107 1077 2107 1077 1668
49 * 2287 2125 2287 2605 1248 2605 1248 2125
50 * 2166 2035 2166 2495 1255 2495 1255 2035
51 * 2141 1435 2141 1725 1586 1725 1586 1435
52 * 1822 1606 1822 1898 1239 1898 1239 1606
53 * 2490 1439 2490 1773 1938 1773 1938 1439
54 * 2337 1332 2337 1719 1731 1719 1731 1332
55 * 1727 1911 1727 2211 1121 2211 1121 1911
56 * 2704 1468 2704 1969 1602 1969 1602 1468
57 * 1871 1925 1871 2350 989 2350 989 1925
58 * 2352 2280 2352 2829 1120 2829 1120 2280
59 * 2007 2108 2007 2625 883 2625 883 2108
60 * 2000 1842 2000 2358 785 2358 785 1842
61 * 2727 1287 2727 2232 568 2232 568 1287
62 * 1623 1144 1623 1535 802 1535 802 1144
63 * 2202 1480 2202 2242 613 2242 613 1480
64 * 2134 806 2134 1310 1087 1310 1087 806
65 * 2260 1149 2260 1736 1020 1736 1020 1149
66 * 2305 1147 2305 1637 1192 1637 1192 1147
67 * 2216 1182 2216 1901 781 1901 781 1182
68 * 2980 1549 2980 2699 346 2699 346 1549
69 * 0 0 0 0 0 0 0 0
70 * 1519 312 1519 832 379 832 379 312
71 * 2608 1730 2608 1907 2301 1907 2301 1730
72 * 1374 938 1374 1213 895 1213 895 938
73 * 2630 1720 2630 2500 931 2500 931 1720
74 * 2622 1521 2622 1700 2287 1700 2287 1521
75 * 2093 1520 2093 2073 939 2073 939 1520
76 * 2852 1535 2852 2478 733 2478 733 1535
77 * 2204 1475 2204 1991 1039 1991 1039 1475
78 * 1960 1164 1960 1712 849 1712 849 1164
79 * 2398 1424 2398 1889 1453 1889 1453 1424
80 * 2177 1859 2177 2724 161 2724 161 1859
81 * 1408 1578 1408 1870 842 1870 842 1578
82 * 2138 862 2138 1157 1579 1157 1579 862
83 * 2255 1604 2255 2142 1113 2142 1113 1604
84 * 1265 1016 1265 1389 536 1389 536 1016
85 * 1154 1423 1154 1698 662 1698 662 1423
86 * 2667 590 2667 1492 680 1492 680 590
87 * 5207 403 5207 2338 430 2338 430 403
88 * 2012 1155 2012 1663 904 1663 904 1155
89 * 2838 1789 2838 2718 652 2718 652 1789
90 * 2870 1121 2870 1971 905 1971 905 1121
91 * 1921 1493 1921 2246 290 2246 290 1493
92 * 1856 1221 1856 1710 903 1710 903 1221
93 * 2427 976 2427 1496 1241 1496 1241 976
94 * 1426 581 1426 966 1026 966 1026 581
95 * 2818 1466 2818 2250 1192 2250 1192 1466
96 * 2610 2035 2610 2576 1408 2576 1408 2035
97 * 2928 79 2928 918 1045 918 1045 79
98 * 2519 951 2519 1984 110 1984 110 951
99 * 1680 1899 1680 2168 1183 2168 1183 1899
100 * 1877 1083 1877 1581 801 1581 801 1083
101 * 1907 1816 1907 2386 773 2386 773 1816
102 * 1335 1488 1335 1768 803 1768 803 1488
103 * 2607 781 2607 1649 705 1649 705 781
104 * 2139 502 2139 1338 148 1338 148 502
105 * 2682 1371 2682 1939 1361 1939 1361 1371
106 * 1657 1223 1657 1796 410 1796 410 1223
107 * 1838 1165 1838 1483 1320 1483 1320 1165
108 * 1941 1147 1941 1665 940 1665 940 1147
109 * 2011 1129 2011 1622 882 1622 882 1129
110 * 1938 1633 1938 1950 1352 1950 1352 1633
111 * 1868 1796 1868 2092 1335 2092 1335 1796
112 * 1945 954 1945 1199 1511 1199 1511 954
113 * 1631 539 1631 677 1333 677 1333 539
114 * 2066 1200 2066 1552 1368 1552 1368 1200
115 * 1538 1469 1538 1693 1106 1693 1106 1469
116 * 1428 928 1428 1176 954 1176 954 928
117 * 2256 1231 2256 1570 1559 1570 1559 1231
118 * 1830 977 1830 1165 1513 1165 1513 977
119 * 1496 905 1496 1121 1120 1121 1120 905
120 * 2683 1139 2683 1439 2216 1439 2216 1139
121 * 2716 1123 2716 1521 1900 1521 1900 1123
122 * 1393 1269 1393 1486 959 1486 959 1269
123 * 1763 1043 1763 1285 1323 1285 1323 1043
124 * 1770 831 1770 1029 1390 1029 1390 831
125 * 1670 1206 1670 1381 1392 1381 1392 1206
126 * 2187 1000 2187 1411 1308 1411 1308 1000
127 * 1486 1003 1486 1232 1050 1232 1050 1003
128 * 644 2010 644 2230 347 2230 347 2010
129 * 1875 1134 1875 1271 1613 1271 1613 1134
130 * 1474 1219 1474 1430 1093 1430 1093 1219
131 * 2224 1043 2224 1287 1807 1287 1807 1043
132 * 2149 708 2149 1100 1267 1100 1267 708
133 * 1809 1468 1809 1870 1011 1870 1011 1468
134 * 1399 848 1399 1002 1133 1002 1133 848
135 * 1761 1059 1761 1289 1447 1289 1447 1059
136 * 1493 1053 1493 1259 1097 1259 1097 1053
137 * 2864 700 2864 813 2635 813 2635 700
138 * 1867 1394 1867 1772 1160 1772 1160 1394
139 * 2067 1768 2067 2213 1118 2213 1118 1768
140 * 1942 960 1942 1198 1525 1198 1525 960
141 * 1759 610 1759 820 1458 820 1458 610
142 * 1813 866 1813 1075 1510 1075 1510 866
143 * 1718 889 1718 998 1485 998 1485 889
144 * 1865 1348 1865 1496 1571 1496 1571 1348
145 * 1860 1020 1860 1365 1177 1365 1177 1020
146 * 2210 1127 2210 1527 1464 1527 1464 1127
147 * 1974 1147 1974 1375 1575 1375 1575 1147
148 * 2028 946 2028 1268 1388 1268 1388 946
149 * 2480 1344 2480 1749 1665 1749 1665 1344
150 * 1741 1334 1741 1739 861 1739 861 1334
151 * 2079 673 2079 911 1674 911 1674 673
152 * 648 280 648 471 367 471 367 280
153 * 2271 994 2271 1381 1444 1381 1444 994
154 * 2051 1161 2051 1438 1607 1438 1607 1161
155 * 2151 970 2151 1350 1435 1350 1435 970
156 * 1641 1283 1641 1495 1247 1495 1247 1283
157 * 2966 823 2966 1044 2673 1044 2673 823
158 * 1548 1158 1548 1372 1161 1372 1161 1158
159 * 1932 1454 1932 1683 1486 1683 1486 1454
160 * 1027 746 1027 921 740 921 740 746
161 * 1699 988 1699 1389 948 1389 948 988
162 * 1767 1335 1767 1926 499 1926 499 1335
163 * 1753 1202 1753 1620 915 1620 915 1202
164 * 1970 1082 1970 1431 1224 1431 1224 1082
165 * 1371 1181 1371 1598 435 1598 435 1181
166 * 1705 772 1705 1104 1063 1104 1063 772
167 * 1837 1260 1837 1688 862 1688 862 1260
168 * 1423 1076 1423 1471 513 1471 513 1076
169 * 1697 1323 1697 1753 803 1753 803 1323
170 * 2002 1139 2002 1861 401 1861 401 1139
171 * 637 614 637 906 220 906 220 614
172 * 1372 1114 1372 1466 695 1466 695 1114
173 * 1232 1080 1232 1311 764 1311 764 1080
174 * 1845 1590 1845 2036 875 2036 875 1590
175 * 1328 1418 1328 1808 482 1808 482 1418
176 * 1490 823 1490 1211 671 1211 671 823
177 * 1661 1480 1661 1796 991 1796 991 1480
178 * 1696 1072 1696 1475 775 1475 775 1072
179 * 1751 1421 1751 1823 934 1823 934 1421
180 * 1679 819 1679 1215 836 1215 836 819
181 * 1512 1239 1512 1861 165 1861 165 1239
182 * 1494 1157 1494 1587 519 1587 519 1157
183 * 704 1187 704 1440 261 1440 261 1187
184 * 1811 1249 1811 1459 1392 1459 1392 1249
185 * 2261 267 2261 456 1962 456 1962 267
186 * 2009 1103 2009 1511 1175 1511 1175 1103
187 * 1915 1793 1915 2405 617 2405 617 1793
188 * 1383 878 1383 1190 720 1190 720 878
189 * 2334 1168 2334 1865 726 1865 726 1168
190 * 1797 1030 1797 1681 407 1681 407 1030
191 * 1475 863 1475 1251 682 1251 682 863
192 * 2181 1332 2181 1973 764 1973 764 1332
193 * 1496 881 1496 1269 757 1269 757 881
194 * 1417 1011 1417 1403 573 1403 573 1011
195 * 1217 1268 1217 1675 365 1675 365 1268
196 * 1440 992 1440 1436 417 1436 417 992
197 * 1628 1519 1628 1929 918 1929 918 1519
198 * 1654 1298 1654 1737 784 1737 784 1298
199 * 1603 1209 1603 1636 606 1636 606 1209
200 * 2243 1382 2243 1994 939 1994 939 1382
201 * 1453 1507 1453 1936 493 1936 493 1507
202 * 1318 1591 1318 2031 342 2031 342 1591
203 * 1483 793 1483 1037 1052 1037 1052 793
204 * 1218 962 1218 1223 767 1223 767 962
205 * 1851 1218 1851 1617 933 1617 933 1218
206 * 1644 1112 1644 1478 937 1478 937 1112
207 * 1361 1252 1361 1679 524 1679 524 1252
208 * 1932 1539 1932 1936 1095 1936 1095 1539
209 * 2141 1100 2141 1800 540 1800 540 1100
210 * 1818 848 1818 1206 1082 1206 1082 848
211 * 1451 1209 1451 1465 989 1465 989 1209
212 * 1736 1339 1736 1762 804 1762 804 1339
213 * 2156 988 2156 1652 708 1652 708 988
214 * 1616 1535 1616 1977 627 1977 627 1535
215 * 1703 1834 1703 2288 675 2288 675 1834
216 * 1740 1840 1740 2263 787 2263 787 1840
217 * 1482 1135 1482 1440 898 1440 898 1135
218 * 2324 993 2324 1664 773 1664 773 993
219 * 1677 892 1677 1261 960 1261 960 892
220 * 1843 1331 1843 1751 954 1751 954 1331
221 * 1785 1598 1785 2062 787 2062 787 1598
222 * 2214 1015 2214 1420 1358 1420 1358 1015
223 * 2079 762 2079 1131 1363 1131 1363 762
224 * 1813 1062 1813 1473 954 1473 954 1062
225 * 2013 879 2013 1240 1275 1240 1275 879
226 * 2228 647 2228 1022 1442 1022 1442 647
227 * 2209 675 2209 1080 1301 1080 1301 675
228 * 2172 790 2172 1205 1237 1205 1237 790
229 * 0 0 0 0 0 0 0 0
230 * 2219 736 2219 1399 799 1399 799 736
231 * 3078 827 3078 972 2815 972 2815 827
232 * 2247 1282 2247 1687 1456 1687 1456 1282
233 * 2148 680 2148 1090 1290 1090 1290 680
234 * 1893 1100 1893 1378 1394 1378 1394 1100
235 * 2094 1014 2094 1431 1127 1431 1127 1014
236 * 2315 934 2315 1367 1337 1367 1337 934
237 * 2117 708 2117 1139 1165 1139 1165 708
238 * 1785 502 1785 920 854 920 854 502
239 * 2328 774 2328 1143 1641 1143 1641 774
240 * 2091 1068 2091 1496 1172 1496 1172 1068
241 * 2110 1168 2110 1458 1601 1458 1601 1168
242 * 1956 1134 1956 1390 1497 1390 1497 1134
243 * 1822 965 1822 1172 1419 1172 1419 965
244 * 2104 678 2104 1084 1233 1084 1233 678
245 * 2150 909 2150 1272 1425 1272 1425 909
246 * 1986 545 1986 965 1199 965 1199 545
247 * 1952 834 1952 1262 1043 1262 1043 834
248 * 2371 792 2371 1195 1484 1195 1484 792
249 * 0 0 0 0 0 0 0 0
250 * 2201 816 2201 1436 919 1436 919 816
251 * 2219 603 2219 1029 1305 1029 1305 603
252 * 1739 524 1739 955 894 955 894 524
253 * 1945 1053 1945 1291 1510 1291 1510 1053
254 * 2298 479 2298 808 1659 808 1659 479
255 * 2135 1001 2135 1385 1382 1385 1382 1001
256 * 1801 695 1801 1090 966 1090 966 695
257 * 1653 910 1653 1344 675 1344 675 910
258 * 2429 1007 2429 1402 1576 1402 1576 1007
259 * 2131 894 2131 1301 1294 1301 1294 894
260 * 0 0 0 0 0 0 0 0
261 * 2225 472 2225 1084 939 1084 939 472
262 * 2310 862 2310 1275 1541 1275 1541 862
263 * 1968 1014 1968 1381 1235 1381 1235 1014
264 * 2178 856 2178 1342 1084 1342 1084 856
265 * 2155 1265 2155 1673 1291 1673 1291 1265
266 * 1976 777 1976 979 1574 979 1574 777
267 * 2149 1086 2149 1518 1237 1518 1237 1086
268 * 2124 743 2124 1140 1295 1140 1295 743
269 * 2168 690 2168 1088 1264 1088 1264 690
270 * 2467 772 2467 1499 806 1499 806 772
271 * 2434 990 2434 1424 1478 1424 1478 990
272 * 2163 1000 2163 1400 1419 1400 1419 1000
273 * 1961 1190 1961 1479 1491 1479 1491 1190
274 * 2079 880 2079 1307 1213 1307 1213 880
275 * 3051 174 3051 335 2749 335 2749 174
276 * 2396 477 2396 892 1547 892 1547 477
277 * 2460 879 2460 1540 953 1540 953 879
278 * 2137 807 2137 1208 1290 1208 1290 807
279 * 1954 1188 1954 1445 1457 1445 1457 1188
280 * 2175 561 2175 957 1381 957 1381 561
281 * 1697 797 1697 1387 476 1387 476 797
282 * 2086 1073 2086 1472 1219 1472 1219 1073
283 * 2223 900 2223 1271 1510 1271 1510 900
284 * 1928 953 1928 1291 1234 1291 1234 953
285 * 2079 1318 2079 1720 1120 1720 1120 1318
286 * 2025 794 2025 1224 1048 1224 1048 794
287 * 1946 784 1946 1029 1486 1029 1486 784
288 * 1794 1650 1794 2013 1002 2013 1002 1650
289 * 1899 1107 1899 1518 1007 1518 1007 1107
290 * 2612 1057 2612 1476 1634 1476 1634 1057
291 * 2645 858 2645 1447 1462 1447 1462 858
292 * 3129 1514 3129 1907 2291 1907 2291 1514
293 * 927 377 927 614 631 614 631 377
294 * 3041 1142 3041 1529 2150 1529 2150 1142
295 * 2504 1474 2504 1818 1757 1818 1757 1474
296 * 2552 921 2552 1273 1831 1273 1831 921
297 * 2190 1281 2190 1534 1745 1534 1745 1281
298 * 2592 1139 2592 1443 2038 1443 2038 1139
299 * 2067 1180 2067 1416 1618 1416 1618 1180
300 * 3389 1116 3389 1531 2620 1531 2620 1116
301 * 3256 1022 3256 1432 2337 1432 2337 1022
302 * 2607 1380 2607 1774 1694 1774 1694 1380
303 * 2628 263 2628 899 1258 899 1258 263
304 * 1811 1216 1811 1584 1137 1584 1137 1216
305 * 2143 1885 2143 2286 1205 2286 1205 1885
306 * 2906 1337 2906 1731 2112 1731 2112 1337
307 * 1814 1353 1814 1763 940 1763 940 1353
308 * 0 0 0 0 0 0 0 0
309 * 2549 959 2549 1343 1676 1343 1676 959
310 * 2833 1381 2833 1782 1903 1782 1903 1381
311 * 0 0 0 0 0 0 0 0
312 * 2214 1007 2214 1436 1223 1436 1223 1007
313 * 2657 1438 2657 1728 2205 1728 2205 1438
314 * 2854 940 2854 1587 1424 1587 1424 940
315 * 2487 545 2487 735 2218 735 2218 545
316 * 2484 802 2484 1199 1669 1199 1669 802
317 * 2663 1235 2663 1532 2099 1532 2099 1235
318 * 1669 1315 1669 1634 1096 1634 1096 1315
319 * 3037 939 3037 1631 1510 1631 1510 939
320 * 2639 1076 2639 1450 1881 1450 1881 1076
321 * 2306 1010 2306 1307 1650 1307 1650 1010
322 * 3046 1048 3046 1689 1654 1689 1654 1048
323 * 3102 1211 3102 1611 2265 1611 2265 1211
324 * 2072 1127 2072 1568 1047 1568 1047 1127
325 * 2710 935 2710 1381 1690 1381 1690 935
326 * 1727 1398 1727 1762 889 1762 889 1398
327 * 2267 1421 2267 1777 1439 1777 1439 1421
328 * 2574 1190 2574 1578 1695 1578 1695 1190
329 * 2209 1271 2209 1594 1582 1594 1582 1271
330 * 2346 1129 2346 1534 1541 1534 1541 1129
331 * 2690 1036 2690 1489 1630 1489 1630 1036
332 * 2049 1040 2049 1406 1229 1406 1229 1040
333 * 2090 984 2090 1343 1307 1343 1307 984
334 * 2766 1040 2766 1620 1582 1620 1582 1040
335 * 1748 1302 1748 1706 906 1706 906 1302
336 * 2970 1217 2970 1527 2413 1527 2413 1217
337 * 1940 1573 1940 1715 1691 1715 1691 1573
338 * 2950 1431 2950 1776 2279 1776 2279 1431
339 * 3022 723 3022 1290 1917 1290 1917 723
340 * 2568 1200 2568 1646 1562 1646 1562 1200
341 * 1205 1116 1205 1264 943 1264 943 1116
342 * 854 845 854 1000 570 1000 570 845
343 * 898 1028 898 1161 635 1161 635 1028
344 * 930 960 930 1056 755 1056 755 960
345 * 1263 2000 1263 2164 981 2164 981 2000
346 * 1101 1362 1101 1495 914 1495 914 1362
347 * 1181 1228 1181 1358 915 1358 915 1228
348 * 1484 712 1484 890 1285 890 1285 712
349 * 320 1082 320 1194 127 1194 127 1082
350 * 223 1069 223 1164 51 1164 51 1069
351 * 963 1088 963 1151 806 1151 806 1088
352 * 1415 557 1415 702 1160 702 1160 557
353 * 563 2063 563 2220 282 2220 282 2063
354 * 943 1355 943 1432 783 1432 783 1355
355 * 938 1191 938 1336 669 1336 669 1191
356 * 609 996 609 1125 331 1125 331 996
357 * 1005 1067 1005 1161 839 1161 839 1067
358 * 1560 205 1560 503 965 503 965 205
359 * 1103 597 1103 712 920 712 920 597
360 * 1200 584 1200 729 920 729 920 584
361 * 752 1113 752 1244 496 1244 496 1113
362 * 945 1156 945 1301 680 1301 680 1156
363 * 706 1056 706 1117 569 1117 569 1056
364 * 1601 1328 1601 1452 1416 1452 1416 1328
365 * 1424 1010 1424 1120 1248 1120 1248 1010
366 * 830 1071 830 1213 544 1213 544 1071
367 * 860 1232 860 1316 683 1316 683 1232
368 * 841 1173 841 1239 685 1239 685 1173
369 * 809 925 809 1062 552 1062 552 925
370 * 374 1058 374 1159 173 1159 173 1058
371 * 1690 834 1690 965 1449 965 1449 834
372 * 1409 585 1409 811 946 811 946 585
373 * 1140 544 1140 673 897 673 897 544
374 * 767 1160 767 1252 594 1252 594 1160
375 * 764 954 764 1045 594 1045 594 954
376 * 767 321 767 571 254 571 254 321
377 * 1281 458 1281 612 1005 612 1005 458
378 * 2601 1592 2601 2126 1469 2126 1469 1592
379 * 2610 1889 2610 2360 1582 2360 1582 1889
380 * 2375 1946 2375 2455 1319 2455 1319 1946
381 * 0 0 0 0 0 0 0 0
382 * 2154 1426 2154 1844 1378 1844 1378 1426
383 * 1994 1697 1994 1980 1508 1980 1508 1697
384 * 2299 1537 2299 2039 1415 2039 1415 1537
385 * 2157 1452 2157 1754 1665 1754 1665 1452
386 * 1932 1836 1932 2241 1275 2241 1275 1836
387 * 1304 2608 1304 3117 194 3117 194 2608
388 * 2050 2148 2050 2488 1479 2488 1479 2148
389 * 2255 1439 2255 1920 1281 1920 1281 1439
390 * 2424 1298 2424 1821 1241 1821 1241 1298
391 * 2248 1520 2248 2023 1099 2023 1099 1520
392 * 2479 1642 2479 2094 1551 2094 1551 1642
393 * 2545 1667 2545 2218 1351 2218 1351 1667
394 * 2097 1413 2097 1740 1464 1740 1464 1413
395 * 2680 1249 2680 1814 1406 1814 1406 1249
396 * 1825 2274 1825 2824 562 2824 562 2274
397 * 1740 1594 1740 1880 1132 1880 1132 1594
398 * 2204 1615 2204 2119 1099 2119 1099 1615
399 * 2399 1874 2399 2684 593 2684 593 1874
400 * 1966 1535 1966 2029 944 2029 944 1535
401 * 2098 2044 2098 2537 1036 2537 1036 2044
402 * 1837 1692 1837 2169 885 2169 885 1692
403 * 1743 1872 1743 2675 -1 2675 -1 1872
404 * 1000 1313 1000 1604 628 1604 628 1313
405 * 1964 2449 1964 2985 833 2985 833 2449
406 * 2556 1424 2556 2312 611 2312 611 1424
407 * 2130 1862 2130 2385 983 2385 983 1862
408 * 1976 1463 1976 1959 893 1959 893 1463
409 * 474 281 474 475 140 475 140 281
410 * 2285 1176 2285 1679 1313 1679 1313 1176
411 * 2103 1493 2103 1997 1072 1997 1072 1493
412 * 989 2138 989 2653 -1 2653 -1 2138
413 * 2206 1974 2206 2536 998 2536 998 1974
414 * 2035 1395 2035 1670 1510 1670 1510 1395
415 * 2405 1525 2405 1963 1450 1963 1450 1525
416 * 1709 1358 1709 1869 675 1869 675 1358
417 * 2122 1452 2122 1955 1007 1955 1007 1452
418 * 2063 1641 2063 2002 1315 2002 1315 1641
419 * 1684 1835 1684 2226 1039 2226 1039 1835
420 * 1845 1484 1845 1798 1305 1798 1305 1484
421 * 0 0 0 0 0 0 0 0
422 * 1871 1491 1871 1704 1501 1704 1501 1491
423 * 2165 1861 2165 2165 1595 2165 1595 1861
424 * 1766 1718 1766 2075 1221 2075 1221 1718
425 * 1558 1746 1558 2030 1012 2030 1012 1746
426 * 1853 1849 1853 2291 988 2291 988 1849
427 * 1860 2109 1860 2608 773 2608 773 2109
428 * 2167 1661 2167 1953 1593 1953 1593 1661
429 * 1998 996 1998 1510 859 1510 859 996
430 * 2150 1260 2150 1731 1165 1731 1165 1260
431 * 1616 831 1616 1340 483 1340 483 831
432 * 2016 1661 2016 2149 918 2149 918 1661
433 * 2454 1234 2454 1630 1688 1630 1688 1234
434 * 1425 799 1425 1295 413 1295 413 799
435 * 2601 1161 2601 1662 1552 1662 1552 1161
436 * 0 0 0 0 0 0 0 0
437 * 1843 1163 1843 1686 668 1686 668 1163
438 * 2778 1423 2778 2270 985 2270 985 1423
439 * 2245 902 2245 1384 1232 1384 1232 902
440 * 1472 1105 1472 1629 332 1629 332 1105
441 * 2162 1154 2162 1709 997 1709 997 1154
442 * 1916 927 1916 1440 709 1440 709 927
443 * 3011 477 3011 670 2653 670 2653 477
444 * 2319 1744 2319 2260 1176 2260 1176 1744
445 * 1977 855 1977 1382 946 1382 946 855
446 * 0 0 0 0 0 0 0 0
447 * 1831 952 1831 1457 695 1457 695 952
448 * 1989 1339 1989 1835 1014 1835 1014 1339
449 * 1681 804 1681 1271 813 1271 813 804
450 * 2693 1094 2693 1604 1610 1604 1610 1094
451 * 2468 1848 2468 2293 1540 2293 1540 1848
452 * 0 0 0 0 0 0 0 0
453 * 0 0 0 0 0 0 0 0
454 * 2356 849 2356 1039 2005 1039 2005 849
455 * 1574 953 1574 1408 750 1408 750 953
456 * 2453 1670 2453 2134 1548 2134 1548 1670
457 * 1964 1421 1964 1939 831 1939 831 1421
458 * 1569 1303 1569 1832 360 1832 360 1303
459 * 2022 1010 2022 1506 970 1506 970 1010
460 * 2106 1609 2106 2100 1058 2100 1058 1609
461 * 2136 1366 2136 1878 1050 1878 1050 1366
462 * 1975 976 1975 1468 933 1468 933 976
463 * 2193 1450 2193 1915 1263 1915 1263 1450
464 * 1488 1469 1488 2035 214 2035 214 1469
465 * 1678 1268 1678 1708 707 1708 707 1268
466 * 1864 902 1864 1377 922 1377 922 902
467 * 1745 946 1745 1440 707 1440 707 946
468 * 2221 1398 2221 1917 1031 1917 1031 1398
469 * 1706 818 1706 1339 657 1339 657 818
470 * 1822 843 1822 1371 837 1371 837 843
471 * 1692 672 1692 1179 646 1179 646 672
472 * 2033 1161 2033 1450 1504 1450 1504 1161
473 * 1674 1141 1674 1668 623 1668 623 1141
474 * 2144 824 2144 1309 1080 1309 1080 824
475 * 1663 1198 1663 1646 744 1646 744 1198
476 * 1549 2574 1549 2842 1180 2842 1180 2574
477 * 1768 767 1768 1281 679 1281 679 767
478 * 1786 987 1786 1240 1219 1240 1219 987
479 * 892 908 892 1170 377 1170 377 908
480 * 1212 1124 1212 1377 637 1377 637 1124
481 * 1648 978 1648 1240 1032 1240 1032 978
482 * 2093 666 2093 917 1546 917 1546 666
483 * 1148 1177 1148 1433 623 1433 623 1177
484 * 617 348 617 453 444 453 444 348
485 * 1867 564 1867 850 1237 850 1237 564
486 * 2360 983 2360 1218 1838 1218 1838 983
487 * 909 982 909 1236 332 1236 332 982
488 * 1557 937 1557 1221 937 1221 937 937
489 * 1183 974 1183 1239 559 1239 559 974
490 * 925 851 925 1056 481 1056 481 851
491 * 2070 913 2070 1150 1617 1150 1617 913
492 * 1536 902 1536 1178 895 1178 895 902
493 * 1577 738 1577 994 972 994 972 738
494 * 1263 1087 1263 1349 669 1349 669 1087
495 * 2211 661 2211 899 1723 899 1723 661
496 * 1401 1103 1401 1361 828 1361 828 1103
497 * 732 856 732 1116 146 1116 146 856
498 * 1814 860 1814 1209 1095 1209 1095 860
499 * 1741 736 1741 1005 1124 1005 1124 736
500 * 1815 516 1815 869 1106 869 1106 516
501 * 2043 879 2043 1138 1494 1138 1494 879
502 * 1992 995 1992 1354 1266 1354 1266 995
503 * 1711 1015 1711 1289 1095 1289 1095 1015
504 * 1121 907 1121 1155 552 1155 552 907
505 * 2253 932 2253 1178 1743 1178 1743 932
506 * 1636 903 1636 1106 1259 1106 1259 903
507 * 1947 1089 1947 1329 1410 1329 1410 1089
508 * 2142 683 2142 930 1604 930 1604 683
509 * 1076 898 1076 1177 477 1177 477 898
510 * 1215 853 1215 1055 815 1055 815 853
511 * 700 987 700 1236 175 1236 175 987
512 * 2295 864 2295 1123 1778 1123 1778 864
513 * 1439 1047 1439 1299 863 1299 863 1047
514 * 1693 1136 1693 1414 1087 1414 1087 1136
515 * 997 1142 997 1393 466 1393 466 1142
516 * 1988 1035 1988 1290 1452 1290 1452 1035
517 * 1494 740 1494 1001 916 1001 916 740
518 * 2241 911 2241 1138 1745 1138 1745 911
519 * 1787 775 1787 1037 1187 1037 1187 775
520 * 996 685 996 945 425 945 425 685
521 * 1493 1114 1493 1371 959 1371 959 1114
522 * 2048 934 2048 1214 1442 1214 1442 934
523 * 992 1093 992 1291 560 1291 560 1093
524 * 1203 814 1203 1245 233 1245 233 814
525 * 1433 865 1433 1117 898 1117 898 865
526 * 1692 996 1692 1265 1110 1265 1110 996
527 * 1766 946 1766 1223 1153 1223 1153 946
528 * 911 219 911 360 728 360 728 219
529 * 1441 1116 1441 1336 1004 1336 1004 1116
530 * 610 685 610 860 346 860 346 685
531 * 1565 1068 1565 1347 991 1347 991 1068
532 * 2155 948 2155 1200 1634 1200 1634 948
533 * 1593 656 1593 932 982 932 982 656
534 * 1164 1252 1164 1673 323 1673 323 1252
535 * 2275 1717 2275 2552 386 2552 386 1717
536 * 2762 1657 2762 2167 1648 2167 1648 1657
537 * 2657 1247 2657 1648 1793 1648 1793 1247
538 * 1954 946 1954 1369 1144 1369 1144 946
539 * 2292 1965 2292 2261 1784 2261 1784 1965
540 * 2067 696 2067 992 1526 992 1526 696
541 * 2841 1882 2841 2266 2045 2266 2045 1882
542 * 1941 1116 1941 1541 1040 1541 1040 1116
543 * 2239 2264 2239 2530 1871 2530 1871 2264
544 * 3053 1637 3053 1924 2544 1924 2544 1637
545 * 2478 1698 2478 2425 978 2425 978 1698
546 * 3016 1641 3016 2118 2043 2118 2043 1641
547 * 1502 1428 1502 1721 985 1721 985 1428
548 * 1443 1280 1443 1646 872 1646 872 1280
549 * 3127 1359 3127 1563 2738 1563 2738 1359
550 * 1978 956 1978 1272 1447 1272 1447 956
551 * 1916 977 1916 1719 417 1719 417 977
552 * 2821 812 2821 1142 2205 1142 2205 812
553 * 1667 1184 1667 1504 1110 1504 1110 1184
554 * 2138 1106 2138 1501 1268 1501 1268 1106
555 * 2062 611 2062 1137 880 1137 880 611
556 * 1771 1259 1771 1593 1162 1593 1162 1259
557 * 2632 1896 2632 2403 1449 2403 1449 1896
558 * 2078 1373 2078 1679 1549 1679 1549 1373
559 * 1883 1357 1883 1656 1365 1656 1365 1357
560 * 2184 1412 2184 1712 1650 1712 1650 1412
561 * 1844 1256 1844 1484 1456 1484 1456 1256
562 * 1098 953 1098 1135 759 1135 759 953
563 * 3297 1053 3297 1352 2743 1352 2743 1053
564 * 2954 835 2954 1122 2593 1122 2593 835
565 * 2396 902 2396 1047 2113 1047 2113 902
566 * 2310 1001 2310 1416 1525 1416 1525 1001
567 * 2407 867 2407 1377 1260 1377 1260 867
568 * 2505 1270 2505 1711 1635 1711 1635 1270
569 * 2423 1632 2423 2157 1190 2157 1190 1632
570 * 2612 619 2612 1129 1548 1129 1548 619
571 * 1075 913 1075 1269 409 1269 409 913
572 * 3519 480 3519 737 3160 737 3160 480
573 * 1997 990 1997 1257 1495 1257 1495 990
574 * 2743 1475 2743 1766 2337 1766 2337 1475
575 * 2330 417 2330 777 1944 777 1944 417
576 * 3397 2092 3397 2447 3004 2447 3004 2092
577 * 2290 1772 2290 2205 1332 2205 1332 1772
578 * 1343 1863 1343 2243 633 2243 633 1863
579 * 3768 587 3768 757 3456 757 3456 587
580 * 1960 1276 1960 1479 1606 1479 1606 1276
581 * 3188 1769 3188 2266 2206 2266 2206 1769
582 * 1608 1196 1608 1485 1054 1485 1054 1196
583 * 3629 1936 3629 2235 3248 2235 3248 1936
584 * 1945 1421 1945 1725 1409 1725 1409 1421
585 * 2569 361 2569 874 1432 874 1432 361
586 * 2175 1217 2175 1526 1632 1526 1632 1217
587 * 2178 1394 2178 1703 1621 1703 1621 1394
588 * 2048 1192 2048 1635 1009 1635 1009 1192
589 * 1425 2210 1425 2730 259 2730 259 2210
590 * 1708 1309 1708 1667 1113 1667 1113 1309
591 * 2513 1022 2513 1571 1277 1571 1277 1022
592 * 1249 1227 1249 1528 709 1528 709 1227
593 * 2134 1991 2134 2188 1800 2188 1800 1991
594 * 2053 1154 2053 1452 1506 1452 1506 1154
595 * 1515 1542 1515 1904 942 1904 942 1542
596 * 2465 1463 2465 1968 1338 1968 1338 1463
597 * 2707 1945 2707 2404 1686 2404 1686 1945
598 * 1815 1092 1815 1363 1280 1363 1280 1092
599 * 3460 1575 3460 1763 3125 1763 3125 1575
600 * 2432 1533 2432 1982 1439 1982 1439 1533
601 * 3381 937 3381 1369 2465 1369 2465 937
602 * 2416 1130 2416 1933 644 1933 644 1130
603 * 2836 1237 2836 1710 1757 1710 1757 1237
604 * 2180 1443 2180 1732 1700 1732 1700 1443
605 * 1092 1453 1092 1724 609 1724 609 1453
606 * 3448 1709 3448 2211 2327 2211 2327 1709
607 * 2093 1376 2093 1680 1555 1680 1555 1376
608 * 1974 835 1974 1104 1432 1104 1432 835
609 * 1109 1355 1109 1601 623 1601 623 1355
610 * 889 1231 889 1520 328 1520 328 1231
611 * 3421 755 3421 1482 1907 1482 1907 755
612 * 2347 1243 2347 1740 1184 1740 1184 1243
613 * 2011 784 2011 1048 1447 1048 1447 784
614 * 1853 1525 1853 1856 1252 1856 1252 1525
615 * 2304 838 2304 1169 1925 1169 1925 838
616 * 1702 1390 1702 1710 1159 1710 1159 1390
617 * 2238 1780 2238 2072 1689 2072 1689 1780
618 * 2122 1627 2122 2008 1482 2008 1482 1627
619 * 2151 1052 2151 1332 1796 1332 1796 1052
620 * 647 391 647 574 335 574 335 391
621 * 2664 722 2664 1182 1669 1182 1669 722
622 * 1540 1504 1540 1797 1050 1797 1050 1504
623 * 2515 1444 2515 1798 1941 1798 1941 1444
624 * 3818 1798 3818 2284 2890 2284 2890 1798
625 * 2019 1494 2019 1819 1473 1819 1473 1494
626 * 1428 1214 1428 1487 923 1487 923 1214
627 * 1080 1599 1080 1774 758 1774 758 1599
628 * 3762 878 3762 1150 3391 1150 3391 878
629 * 2268 947 2268 1285 1669 1285 1669 947
630 * 328 215 328 310 137 310 137 215
631 * 0 0 0 0 0 0 0 0
632 * 340 238 340 330 147 330 147 238
633 * 326 317 326 408 145 408 145 317
634 * 302 178 302 266 158 266 158 178
635 * 338 252 338 343 152 343 152 252
636 * 376 72 376 150 216 150 216 72
637 * 372 142 372 197 280 197 280 142
638 * 476 254 476 301 388 301 388 254
639 * 305 184 305 279 105 279 105 184
640 * 0 0 0 0 0 0 0 0
641 * 415 279 415 401 163 401 163 279
642 * 345 202 345 293 157 293 157 202
643 * 291 271 291 315 211 315 211 271
644 * 426 225 426 300 267 300 267 225
645 * 370 225 370 319 194 319 194 225
646 * 457 127 457 201 311 201 311 127
647 * 364 197 364 285 186 285 186 197
648 * 220 147 220 222 71 222 71 147
649 * 405 97 405 184 231 184 231 97
650 * 480 130 480 280 132 280 132 130
651 * 289 195 289 248 203 248 203 195
652 * 420 247 420 336 247 336 247 247
653 * 441 172 441 250 279 250 279 172
654 * 549 35 549 124 364 124 364 35
655 * 0 0 0 0 0 0 0 0
656 * 410 193 410 250 313 250 313 193
657 * 308 193 308 246 241 246 241 193
658 * 368 233 368 324 179 324 179 233
659 * 424 178 424 278 211 278 211 178
660 * 439 202 439 248 360 248 360 202
661 * 286 264 286 358 109 358 109 264
662 * 377 267 377 358 192 358 192 267
663 * 319 103 319 190 139 190 139 103
664 * 475 158 475 348 15 348 15 158
665 * 480 271 480 428 141 428 141 271
666 * 351 236 351 297 263 297 263 236
667 * 572 7 572 234 60 234 60 7
668 * 1549 1124 1549 1450 853 1450 853 1124
669 * 1375 1392 1375 1661 891 1661 891 1392
670 * 1452 1204 1452 1574 670 1574 670 1204
671 * 1603 1471 1603 1875 793 1875 793 1471
672 * 1613 1236 1613 1639 754 1639 754 1236
673 * 1450 1381 1450 1816 656 1816 656 1381
674 * 1657 1306 1657 1646 1011 1646 1011 1306
675 * 1472 1340 1472 1738 665 1738 665 1340
676 * 1925 1141 1925 1549 1137 1549 1137 1141
677 * 1087 1405 1087 1754 346 1754 346 1405
678 * 1494 1274 1494 1620 771 1620 771 1274
679 * 2077 1789 2077 2201 1200 2201 1200 1789
680 * 1462 966 1462 1356 596 1356 596 966
681 * 1242 1328 1242 1556 789 1556 789 1328
682 * 1731 958 1731 1184 1297 1184 1297 958
683 * 1357 1335 1357 1757 484 1757 484 1335
684 * 2004 1143 2004 1544 1175 1544 1175 1143
685 * 1636 1262 1636 1629 1004 1629 1004 1262
686 * 1971 1333 1971 1729 1188 1729 1188 1333
687 * 1350 1652 1350 1991 658 1991 658 1652
688 * 1411 1256 1411 1469 984 1469 984 1256
689 * 1567 927 1567 1179 1258 1179 1258 927
690 * 994 1398 994 1664 507 1664 507 1398
691 * 1865 1168 1865 1921 99 1921 99 1168
692 * 1835 1048 1835 1310 1369 1310 1369 1048
693 * 1601 1052 1601 1455 760 1455 760 1052
694 * 1638 1006 1638 1281 1157 1281 1157 1006
695 * 2102 1350 2102 1725 1344 1725 1344 1350
696 * 1547 1475 1547 1854 835 1854 835 1475
697 * 1900 1021 1900 1375 1276 1375 1276 1021
698 * 1958 1216 1958 1603 1216 1603 1216 1216
699 * 1822 1271 1822 1618 1095 1618 1095 1271
700 * 1900 678 1900 953 1428 953 1428 678
701 * 1046 1159 1046 1490 424 1490 424 1159
702 * 1660 1595 1660 2063 665 2063 665 1595
703 * 1664 1322 1664 1722 861 1722 861 1322
704 * 1707 1476 1707 1899 809 1899 809 1476
705 * 1343 1473 1343 1764 768 1764 768 1473
706 * 1432 1385 1432 1712 746 1712 746 1385
707 * 1395 1229 1395 1612 616 1612 616 1229
708 * 1796 1287 1796 1633 1112 1633 1112 1287
709 * 964 767 964 945 672 945 672 767
710 * 839 672 839 856 541 856 541 672
711 * 1614 1316 1614 1726 768 1726 768 1316
712 * 1245 1397 1245 1650 782 1650 782 1397
713 * 1909 1179 1909 1512 1256 1512 1256 1179
714 * 1632 1707 1632 2101 773 2101 773 1707
715 * 1729 1348 1729 1784 868 1784 868 1348
716 * 2264 627 2264 853 1960 853 1960 627
717 * 1412 1308 1412 1665 687 1665 687 1308
718 * 828 1196 828 1547 104 1547 104 1196
719 * 1496 1294 1496 1550 1013 1550 1013 1294
720 * 1248 1363 1248 1709 613 1709 613 1363
721 * 1108 1108 1108 1439 487 1439 487 1108
722 * 970 326 970 554 674 554 674 326
723 * 1278 883 1278 1296 390 1296 390 883
724 * 1429 1187 1429 1505 823 1505 823 1187
725 * 1450 1364 1450 1713 802 1713 802 1364
726 * 0 0 0 0 0 0 0 0
727 * 1376 1527 1376 1797 909 1797 909 1527
728 * 2444 625 2444 1481 582 1481 582 625
729 * 1135 751 1135 1176 317 1176 317 751
730 * 1335 1166 1335 1587 445 1587 445 1166
731 * 1293 806 1293 1202 574 1202 574 806
732 * 950 2037 950 2265 493 2265 493 2037
733 * 1433 1124 1433 1445 821 1445 821 1124
734 * 1692 1263 1692 1661 827 1661 827 1263
735 * 1586 1097 1586 1399 914 1399 914 1097
736 * 1081 890 1081 1248 388 1248 388 890
737 * 1461 885 1461 1204 802 1204 802 885
738 * 2357 1134 2357 1536 1481 1536 1481 1134
739 * 1509 994 1509 1413 718 1413 718 994
740 * 972 1330 972 1565 488 1565 488 1330
741 * 1301 1202 1301 1484 822 1484 822 1202
742 * 1019 1009 1019 1304 572 1304 572 1009
743 * 1614 1172 1614 1614 621 1614 621 1172
744 * 1235 1439 1235 1681 748 1681 748 1439
745 * 1470 1494 1470 1685 1072 1685 1072 1494
746 * 1041 887 1041 1309 134 1309 134 887
747 * 0 0 0 0 0 0 0 0
748 * 1561 1372 1561 1637 1108 1637 1108 1372
749 * 1272 923 1272 1373 321 1373 321 923
750 * 1669 1534 1669 1901 971 1901 971 1534
751 * 1554 1850 1554 2271 664 2271 664 1850
752 * 1687 1135 1687 1495 968 1495 968 1135
753 * 1007 1008 1007 1251 587 1251 587 1008
754 * 1168 1184 1168 1616 361 1616 361 1184
755 * 1496 1062 1496 1438 680 1438 680 1062
756 * 1356 1001 1356 1221 928 1221 928 1001
757 * 1684 1133 1684 1570 768 1570 768 1133
758 * 1422 1173 1422 1497 832 1497 832 1173
759 * 2027 1617 2027 2055 1177 2055 1177 1617
760 * 1369 1039 1369 1290 912 1290 912 1039
761 * 0 0 0 0 0 0 0 0
762 * 1357 784 1357 986 973 986 973 784
763 * 1318 577 1318 1008 334 1008 334 577
764 * 1792 766 1792 1184 905 1184 905 766
765 * 1141 963 1141 1183 708 1183 708 963
766 * 1470 1216 1470 1429 1059 1429 1059 1216
767 * 577 1936 577 2222 263 2222 263 1936
768 * 1712 1204 1712 1583 946 1583 946 1204
769 * 2212 1021 2212 1664 825 1664 825 1021
770 * 1180 1530 1180 1686 862 1686 862 1530
771 * 1134 1349 1134 1672 458 1672 458 1349
772 * 1491 560 1491 1008 502 1008 502 560
773 * 1615 482 1615 751 1153 751 1153 482
774 * 1761 1477 1761 1944 772 1944 772 1477
775 * 2134 961 2134 1422 1192 1422 1192 961
776 * 2004 1194 2004 1437 1689 1437 1689 1194
777 * 1996 1415 1996 1890 981 1890 981 1415
778 * 1852 865 1852 1307 961 1307 961 865
779 * 1340 1583 1340 2050 363 2050 363 1583
780 * 1516 433 1516 611 1244 611 1244 433
781 * 1365 863 1365 1142 895 1142 895 863
782 * 1979 809 1979 1238 1059 1238 1059 809
783 * 1052 859 1052 976 804 976 804 859
784 * 1724 875 1724 1283 949 1283 949 875
785 * 0 0 0 0 0 0 0 0
786 * 1601 1133 1601 1526 879 1526 879 1133
787 * 0 0 0 0 0 0 0 0
788 * 2136 665 2136 1094 1305 1094 1305 665
789 * 1409 1574 1409 1798 957 1798 957 1574
790 * 0 0 0 0 0 0 0 0
791 * 2000 730 2000 1340 706 1340 706 730
792 * 1796 944 1796 1379 957 1379 957 944
793 * 2037 997 2037 1423 1127 1423 1127 997
794 * 1519 1371 1519 1768 755 1768 755 1371
795 * 0 0 0 0 0 0 0 0
796 * 1970 1146 1970 1407 1498 1407 1498 1146
797 * 2087 848 2087 1266 1254 1266 1254 848
798 * 1490 413 1490 630 1197 630 1197 413
799 * 1714 1138 1714 1573 785 1573 785 1138
800 * 0 0 0 0 0 0 0 0
801 * 1761 1429 1761 1876 871 1876 871 1429
802 * 0 0 0 0 0 0 0 0
803 * 1818 1218 1818 1630 1023 1630 1023 1218
804 * 1855 1052 1855 1488 928 1488 928 1052
805 * 1814 843 1814 1308 876 1308 876 843
806 * 1506 1150 1506 1416 1027 1416 1027 1150
807 * 1511 1441 1511 1881 625 1881 625 1441
808 * 1965 1106 1965 1579 988 1579 988 1106
809 * 0 0 0 0 0 0 0 0
810 * 2191 981 2191 1418 1274 1418 1274 981
811 * 1433 1196 1433 1439 982 1439 982 1196
812 * 1535 615 1535 1015 746 1015 746 615
813 * 1573 1222 1573 1677 815 1677 815 1222
814 * 1620 952 1620 1156 1334 1156 1334 952
815 * 1656 1306 1656 1768 708 1768 708 1306
816 * 1899 630 1899 1081 921 1081 921 630
817 * 1761 1106 1761 1451 1136 1451 1136 1106
818 * 1700 1346 1700 1684 1051 1684 1051 1346
819 * 2443 632 2443 998 1718 998 1718 632
820 * 1801 784 1801 1019 1300 1019 1300 784
821 * 1223 504 1223 1070 67 1070 67 504
822 * 2671 1308 2671 1757 1729 1757 1729 1308
823 * 1556 400 1556 660 1053 660 1053 400
824 * 4027 529 4027 2278 14 2278 14 529
825 * 2449 978 2449 1889 325 1889 325 978
826 * 2496 890 2496 1202 1915 1202 1915 890
827 * 2151 1330 2151 1741 1299 1741 1299 1330
828 * 2495 755 2495 1271 1421 1271 1421 755
829 * 2917 1398 2917 1753 2342 1753 2342 1398
830 * 2672 897 2672 1449 1442 1449 1442 897
831 * 3121 869 3121 1721 1302 1721 1302 869
832 * 3003 906 3003 1369 2205 1369 2205 906
833 * 1921 1559 1921 2075 900 2075 900 1559
834 * 3436 1280 3436 2008 1888 2008 1888 1280
835 * 3762 941 3762 2587 153 2587 153 941
836 * 1771 1167 1771 1664 698 1664 698 1167
837 * 3126 1234 3126 1836 1807 1836 1807 1234
838 * 2243 1160 2243 1698 1022 1698 1022 1160
839 * 1958 761 1958 1242 1137 1242 1137 761
840 * 2795 847 2795 1391 1543 1391 1543 847
841 * 3119 1490 3119 2037 1938 2037 1938 1490
842 * 3922 713 3922 884 3609 884 3609 713
843 * 3131 544 3131 1026 2070 1026 2070 544
844 * 1758 296 1758 730 915 730 915 296
845 * 2307 1155 2307 1439 1735 1439 1735 1155
846 * 3014 552 3014 1443 1007 1443 1007 552
847 * 2029 708 2029 987 1500 987 1500 708
848 * 2111 2035 2111 2257 1782 2257 1782 2035
849 * 2242 1162 2242 1983 452 1983 452 1162
850 * 2589 794 2589 1640 752 1640 752 794
851 * 2423 1328 2423 1779 1431 1779 1431 1328
852 * 2998 920 2998 1765 1132 1765 1132 920
853 * 2742 758 2742 1705 551 1705 551 758
854 * 1957 1157 1957 1692 771 1692 771 1157
855 * 3042 1126 3042 1650 1898 1650 1898 1126
856 * 3170 1323 3170 2330 691 2330 691 1323
857 * 1753 772 1753 1062 1175 1062 1175 772
858 * 1870 1404 1870 1720 1285 1720 1285 1404
859 * 2544 859 2544 1347 1530 1347 1530 859
860 * 2623 750 2623 1196 1768 1196 1768 750
861 * 3572 542 3572 1433 1548 1433 1548 542
862 * 3596 701 3596 1592 1585 1592 1585 701
863 * 2715 434 2715 1249 853 1249 853 434
864 * 963 2410 963 2701 578 2701 578 2410
865 * 2749 882 2749 1939 126 1939 126 882
866 * 2934 698 2934 1174 1839 1174 1839 698
867 * 2468 1261 2468 1712 1488 1712 1488 1261
868 * 3255 1232 3255 2028 1605 2028 1605 1232
869 * 1676 980 1676 1320 1095 1320 1095 980
870 * 1924 1499 1924 2011 779 2011 779 1499
871 * 2347 1304 2347 1751 1321 1751 1321 1304
872 * 2005 1628 2005 1901 1501 1901 1501 1628
873 * 2262 847 2262 1101 1769 1101 1769 847
874 * 2617 1178 2617 1746 1337 1746 1337 1178
875 * 1799 611 1799 939 1176 939 1176 611
876 * 1942 290 1942 739 895 739 895 290
877 * 1973 193 1973 642 932 642 932 193
878 * 1599 445 1599 884 626 884 626 445
879 * 1929 383 1929 1127 160 1127 160 383
880 * 1754 560 1754 973 862 973 862 560
881 * 2058 344 2058 721 1249 721 1249 344
882 * 2003 216 2003 616 1087 616 1087 216
883 * 1674 456 1674 725 1049 725 1049 456
884 * 2098 393 2098 1025 547 1025 547 393
885 * 1605 428 1605 701 973 701 973 428
886 * 1662 202 1662 576 865 576 865 202
887 * 1674 509 1674 863 938 863 938 509
888 * 1494 480 1494 758 862 758 862 480
889 * 1525 329 1525 734 635 734 635 329
890 * 2548 206 2548 954 890 954 890 206
891 * 1596 670 1596 1056 781 1056 781 670
892 * 1433 338 1433 725 568 725 568 338
893 * 1727 403 1727 797 845 797 845 403
894 * 1966 357 1966 794 969 794 969 357
895 * 2024 477 2024 906 1088 906 1088 477
896 * 1567 440 1567 810 782 810 782 440
897 * 2164 211 2164 581 1390 581 1390 211
898 * 1850 553 1850 946 943 946 943 553
899 * 2146 96 2146 550 1076 550 1076 96
900 * 1877 353 1877 804 810 804 810 353
901 * 1974 236 1974 984 262 984 262 236
902 * 1754 628 1754 1071 760 1071 760 628
903 * 1180 208 1180 485 565 485 565 208
904 * 1717 512 1717 932 806 932 806 512
905 * 1858 285 1858 737 794 737 794 285
906 * 1954 359 1954 762 1107 762 1107 359
907 * 1901 277 1901 677 991 677 991 277
908 * 2184 380 2184 808 1244 808 1244 380
909 * 2150 221 2150 614 1224 614 1224 221
910 * 1899 482 1899 852 1113 852 1113 482
911 * 2018 338 2018 765 990 765 990 338
912 * 1990 258 1990 632 1197 632 1197 258
913 * 1907 322 1907 725 1018 725 1018 322
914 * 2261 316 2261 777 1157 777 1157 316
915 * 2147 424 2147 888 978 888 978 424
916 * 1968 496 1968 871 1157 871 1157 496
917 * 1630 590 1630 1002 744 1002 744 590
918 * 2052 534 2052 1001 957 1001 957 534
919 * 1850 462 1850 961 636 961 636 462
920 * 1547 550 1547 832 911 832 911 550
921 * 2371 548 2371 1015 1242 1015 1242 548
922 * 1784 478 1784 845 1008 845 1008 478
923 * 2381 433 2381 885 1291 885 1291 433
924 * 1699 335 1699 815 535 815 535 335
925 * 1490 688 1490 967 855 967 855 688
926 * 2312 309 2312 795 1098 795 1098 309
927 * 1484 631 1484 997 683 997 683 631
928 * 1576 270 1576 699 607 699 607 270
929 * 1342 143 1342 412 742 412 742 143
930 * 1593 321 1593 739 694 739 694 321
931 * 1569 463 1569 828 777 828 777 463
932 * 2323 189 2323 999 390 999 390 189
933 * 1848 357 1848 748 996 748 996 357
934 * 1793 401 1793 879 619 879 619 401
935 * 1820 597 1820 980 1007 980 1007 597
936 * 2113 278 2113 735 1067 735 1067 278
937 * 1601 558 1601 814 982 814 982 558
938 * 1993 287 1993 730 918 730 918 287
939 * 1947 455 1947 843 1116 843 1116 455
940 * 1872 342 1872 747 1024 747 1024 342
941 * 2052 376 2052 1019 557 1019 557 376
942 * 1888 217 1888 661 810 661 810 217
943 * 1882 239 1882 674 878 674 878 239
944 * 1702 182 1702 649 562 649 562 182
945 * 1610 553 1610 813 979 813 979 553
946 * 1593 366 1593 739 856 739 856 366
947 * 1502 420 1502 765 795 765 795 420
948 * 1229 -1 1229 488 56 488 56 -1
949 * 2111 391 2111 836 1086 836 1086 391
950 * 2430 429 2430 887 1298 887 1298 429
951 * 1706 389 1706 779 859 779 859 389
952 * 2589 60 2589 852 778 852 778 60
953 * 1237 456 1237 715 645 715 645 456
954 * 2223 448 2223 847 1381 847 1381 448
955 * 1843 371 1843 814 813 814 813 371
956 * 2437 296 2437 752 1359 752 1359 296
957 * 1893 517 1893 910 1023 910 1023 517
958 * 2181 550 2181 1021 1061 1021 1061 550
959 * 1364 394 1364 803 438 803 438 394
960 * 1776 503 1776 912 838 912 838 503
961 * 2244 242 2244 692 1242 692 1242 242
962 * 2211 462 2211 894 1288 894 1288 462
963 * 2363 208 2363 701 1137 701 1137 208
964 * 1485 574 1485 962 667 962 667 574
965 * 2090 224 2090 706 867 706 867 224
966 * 2160 290 2160 681 1316 681 1316 290
967 * 1591 382 1591 761 783 761 783 382
968 * 1215 550 1215 803 630 803 630 550
969 * 1576 452 1576 716 979 716 979 452
970 * 1657 600 1657 984 807 984 807 600
971 * 1748 388 1748 816 770 816 770 388
972 * 1948 245 1948 650 1044 650 1044 245
973 * 2242 371 2242 838 1138 838 1138 371
974 * 1769 303 1769 713 846 713 846 303
975 * 2071 24 2071 428 1152 428 1152 24
976 * 2166 53 2166 443 1309 443 1309 53
977 * 1913 422 1913 848 919 848 919 422
978 * 2219 205 2219 680 1109 680 1109 205
979 * 2171 1052 2171 1210 1897 1210 1897 1052
980 * 2801 851 2801 1050 2401 1050 2401 851
981 * 2003 1052 2003 1246 1720 1246 1720 1052
982 * 2162 1049 2162 1244 1895 1244 1895 1049
983 * 891 1143 891 1459 419 1459 419 1143
984 * 3837 124 3837 1555 419 1555 419 124
985 * 1004 820 1004 1240 182 1240 182 820
986 * 1926 873 1926 1223 1259 1223 1259 873
987 * 2052 1065 2052 1191 1809 1191 1809 1065
988 * 1309 1119 1309 1268 1017 1268 1017 1119
989 * 1864 1137 1864 1256 1609 1256 1609 1137
990 * 2242 1023 2242 1181 1963 1181 1963 1023
991 * 1701 1198 1701 1409 1328 1409 1328 1198
992 * 1195 1581 1195 1716 957 1716 957 1581
993 * 2151 1221 2151 1409 1802 1409 1802 1221
994 * 1627 1211 1627 1441 1210 1441 1210 1211
995 * 3642 1107 3642 1521 2862 1521 2862 1107
996 * 1589 1772 1589 2161 711 2161 711 1772
997 * 1692 1109 1692 1249 1417 1249 1417 1109
998 * 3594 2046 3594 2315 3155 2315 3155 2046
999 * 1466 1096 1466 1522 717 1522 717 1096
1000 * 1035 1168 1035 1355 763 1355 763 1168
1001 * 1825 694 1825 1116 827 1116 827 694
1002 * 1687 1656 1687 1886 1217 1886 1217 1656
1003 * 2141 324 2141 585 1702 585 1702 324
1004 * 771 1298 771 1420 527 1420 527 1298
1005 * 1762 155 1762 533 952 533 952 155
1006 * 745 821 745 1043 456 1043 456 821
1007 * 1225 975 1225 1187 951 1187 951 975
1008 * 1746 1671 1746 2059 883 2059 883 1671
1009 * 3196 881 3196 1012 2935 1012 2935 881
1010 * 3670 815 3670 1985 748 1985 748 815
1011 * 2199 1061 2199 1239 1918 1239 1918 1061
1012 * 0 0 0 0 0 0 0 0
1013 * 1146 1783 1146 1911 909 1911 909 1783
1014 * 1689 1540 1689 1713 1411 1713 1411 1540
1015 * 3606 2091 3606 2334 3173 2334 3173 2091
1016 * 2507 1213 2507 1425 2214 1425 2214 1213
1017 * 2061 1340 2061 1751 1132 1751 1132 1340
1018 * 1210 750 1210 1160 402 1160 402 750
1019 * 2439 642 2439 831 2156 831 2156 642
1020 * 2125 1111 2125 1250 1847 1250 1847 1111
1021 * 2086 1110 2086 1385 1638 1385 1638 1110
1022 * 1199 1323 1199 1522 810 1522 810 1323
1023 * 2316 1112 2316 1337 2022 1337 2022 1112
1024 * 1851 830 1851 1002 1595 1002 1595 830
1025 * 0 0 0 0 0 0 0 0
1026 * 3253 935 3253 1393 2423 1393 2423 935
1027 * 2146 1058 2146 1220 1835 1220 1835 1058
1028 * 951 1187 951 1521 624 1521 624 1187
1029 * 1254 493 1254 708 961 708 961 493
1030 * 2243 1073 2243 1283 1863 1283 1863 1073
1031 * 0 0 0 0 0 0 0 0
1032 * 3833 2040 3833 2239 3548 2239 3548 2040
1033 * 2307 1036 2307 1287 1884 1287 1884 1036
1034 * 2827 942 2827 1469 1708 1469 1708 942
1035 * 3074 1211 3074 1756 1782 1756 1782 1211
1036 * 3118 1019 3118 1879 1164 1879 1164 1019
1037 * 2993 959 2993 1473 1886 1473 1886 959
1038 * 3366 1118 3366 1954 1494 1954 1494 1118
1039 * 3479 706 3479 1499 1786 1499 1786 706
1040 * 3045 1287 3045 1809 1855 1809 1855 1287
1041 * 3346 992 3346 1538 2121 1538 2121 992
1042 * 3234 1000 3234 1533 1996 1533 1996 1000
1043 * 3081 1107 3081 1683 1802 1683 1802 1107
1044 * 3146 1367 3146 1915 1885 1915 1885 1367
1045 * 2823 1276 2823 1841 1510 1841 1510 1276
1046 * 3573 681 3573 1520 1713 1520 1713 681
1047 * 3596 471 3596 1410 1323 1410 1323 471
1048 * 3396 955 3396 1871 1299 1871 1299 955
1049 * 3708 688 3708 1564 1805 1564 1805 688
1050 * 4200 700 4200 1728 1730 1728 1730 700
1051 * 2878 1104 2878 1626 1637 1626 1637 1104
1052 * 3707 770 3707 1684 1566 1684 1566 770
1053 * 3033 1606 3033 2139 1820 2139 1820 1606
1054 * 3412 727 3412 1526 1666 1526 1666 727
1055 * 3649 839 3649 1675 1850 1675 1850 839
1056 * 2990 1176 2990 1710 1816 1710 1816 1176
1057 * 3216 952 3216 1759 1511 1759 1511 952
1058 * 2487 971 2487 1496 1347 1496 1347 971
1059 * 2777 1043 2777 1567 1567 1567 1567 1043
1060 * 3003 1093 3003 1610 1795 1610 1795 1093
1061 * 3054 1038 3054 1536 1898 1536 1898 1038
1062 * 3267 1113 3267 1668 1986 1668 1986 1113
1063 * 2723 1024 2723 1539 1498 1539 1498 1024
1064 * 2609 1473 2609 2046 1354 2046 1354 1473
1065 * 4155 553 4155 1570 1678 1570 1678 553
1066 * 2608 565 2608 850 2248 850 2248 565
1067 * 0 0 0 0 0 0 0 0
1068 * 0 0 0 0 0 0 0 0
1069 * 2683 1375 2683 1913 1484 1913 1484 1375
1070 * 3854 623 3854 1616 1483 1616 1483 623
1071 * 3713 807 3713 1729 1641 1729 1641 807
1072 * 3698 1059 3698 1918 1830 1918 1830 1059
1073 * 2897 1155 2897 1661 1750 1661 1750 1155
1074 * 3262 786 3262 1567 1564 1567 1564 786
1075 * 3285 675 3285 1530 1354 1530 1354 675
1076 * 3410 799 3410 1615 1570 1615 1570 799
1077 * 3013 1344 3013 2181 1175 2181 1175 1344
1078 * 2986 850 2986 1381 1785 1381 1785 850
1079 * 2753 1278 2753 1794 1673 1794 1673 1278
1080 * 2910 1530 2910 2066 1724 2066 1724 1530
1081 * 1383 638 1383 885 1018 885 1018 638
1082 * 3300 1107 3300 1662 2066 1662 2066 1107
1083 * 3438 839 3438 1729 1370 1729 1370 839
1084 * 3095 886 3095 1487 1711 1487 1711 886
1085 * 3155 1203 3155 2007 1435 2007 1435 1203
1086 * 2524 1315 2524 1648 1970 1648 1970 1315
1087 * 2710 1318 2710 1857 1466 1857 1466 1318
1088 * 3128 1330 3128 1869 1906 1869 1906 1330
1089 * 3703 826 3703 1703 1777 1703 1777 826
1090 * 3421 1174 3421 1710 2160 1710 2160 1174
1091 * 2104 1095 2104 1477 1307 1477 1307 1095
1092 * 2197 1660 2197 2078 1341 2078 1341 1660
1093 * 1866 1207 1866 1575 1171 1575 1171 1207
1094 * 2344 1661 2344 2064 1459 2064 1459 1661
1095 * 1841 1071 1841 1422 1046 1422 1046 1071
1096 * 1870 1228 1870 1513 1290 1513 1290 1228
1097 * 2477 1783 2477 2212 1595 2212 1595 1783
1098 * 2042 1659 2042 2072 1119 2072 1119 1659
1099 * 2235 1863 2235 2301 1295 2301 1295 1863
1100 * 2020 906 2020 1288 1153 1288 1153 906
1101 * 2108 1332 2108 1762 1137 1762 1137 1332
1102 * 2099 1048 2099 1472 1162 1472 1162 1048
1103 * 2315 1393 2315 1741 1595 1741 1595 1393
1104 * 2078 717 2078 1018 1470 1018 1470 717
1105 * 2041 1043 2041 1391 1386 1391 1386 1043
1106 * 1670 1070 1670 1283 1295 1283 1295 1070
1107 * 1987 1264 1987 1686 1069 1686 1069 1264
1108 * 2072 1264 2072 1637 1357 1637 1357 1264
1109 * 1960 1072 1960 1287 1572 1287 1572 1072
1110 * 1840 1134 1840 1469 1095 1469 1095 1134
1111 * 2234 1450 2234 1882 1362 1882 1362 1450
1112 * 2016 1293 2016 1535 1558 1535 1558 1293
1113 * 2202 1750 2202 2196 1257 2196 1257 1750
1114 * 2199 1468 2199 1852 1354 1852 1354 1468
1115 * 2001 1411 2001 1807 1170 1807 1170 1411
1116 * 2070 931 2070 1320 1188 1320 1188 931
1117 * 2100 1786 2100 2219 1163 2219 1163 1786
1118 * 1794 1029 1794 1444 881 1444 881 1029
1119 * 1977 1200 1977 1595 1057 1595 1057 1200
1120 * 2201 1397 2201 1820 1230 1820 1230 1397
1121 * 2053 1830 2053 2247 1117 2247 1117 1830
1122 * 1830 1085 1830 1497 894 1497 894 1085
1123 * 3068 13 3068 429 2317 429 2317 13
1124 * 1431 1092 1431 1306 1022 1306 1022 1092
1125 * 2071 1190 2071 1583 1345 1583 1345 1190
1126 * 1898 931 1898 1286 1073 1286 1073 931
1127 * 2102 1151 2102 1602 1143 1602 1143 1151
1128 * 1953 861 1953 1082 1544 1082 1544 861
1129 * 2041 1601 2041 2020 1176 2020 1176 1601
1130 * 2018 1205 2018 1623 1132 1623 1132 1205
1131 * 1920 1233 1920 1573 1243 1573 1243 1233
1132 * 2971 719 2971 888 2715 888 2715 719
1133 * 2018 1466 2018 1885 1005 1885 1005 1466
1134 * 2153 1539 2153 2009 1182 2009 1182 1539
1135 * 2053 1675 2053 2096 1121 2096 1121 1675
1136 * 2200 1574 2200 1956 1386 1956 1386 1574
1137 * 1653 1482 1653 1842 888 1842 888 1482
1138 * 2310 1664 2310 2080 1406 2080 1406 1664
1139 * 1975 1072 1975 1466 1079 1466 1079 1072
1140 * 2159 1005 2159 1364 1436 1364 1436 1005
1141 * 1909 1029 1909 1445 975 1445 975 1029
1142 * 2287 1297 2287 1759 1307 1759 1307 1297
1143 * 1180 853 1180 1201 440 1201 440 853
1144 * 1283 738 1283 1048 632 1048 632 738
1145 * 1006 659 1006 826 644 826 644 659
1146 * 1531 815 1531 1169 813 1169 813 815
1147 * 1389 904 1389 1214 754 1214 754 904
1148 * 1381 581 1381 758 1042 758 1042 581
1149 * 1793 1021 1793 1310 1263 1310 1263 1021
1150 * 1595 795 1595 1101 964 1101 964 795
1151 * 1630 1325 1630 1648 982 1648 982 1325
1152 * 1397 649 1397 967 705 967 705 649
1153 * 1676 1051 1676 1289 1273 1289 1273 1051
1154 * 1606 945 1606 1161 1208 1161 1208 945
1155 * 1367 846 1367 975 1141 975 1141 846
1156 * 1687 751 1687 1068 1022 1068 1022 751
1157 * 1302 728 1302 1059 560 1059 560 728
1158 * 1602 720 1602 1031 893 1031 893 720
1159 * 1553 1097 1553 1452 719 1452 719 1097
1160 * 1322 868 1322 1151 788 1151 788 868
1161 * 1751 748 1751 1076 974 1076 974 748
1162 * 1891 497 1891 1066 583 1066 583 497
1163 * 1552 581 1552 893 843 893 843 581
1164 * 1330 689 1330 890 956 890 956 689
1165 * 1674 774 1674 1304 499 1304 499 774
1166 * 2456 686 2456 826 2228 826 2228 686
1167 * 1497 957 1497 1231 904 1231 904 957
1168 * 2107 853 2107 1238 1244 1238 1244 853
1169 * 1371 855 1371 1192 603 1192 603 855
1170 * 1444 759 1444 1087 758 1087 758 759
1171 * 1640 875 1640 1232 816 1232 816 875
1172 * 1709 613 1709 956 985 956 985 613
1173 * 1748 687 1748 1015 1069 1015 1069 687
1174 * 1617 1062 1617 1375 905 1375 905 1062
1175 * 1376 1045 1376 1376 621 1376 621 1045
1176 * 2002 999 2002 1323 1330 1323 1330 999
1177 * 1471 932 1471 1277 679 1277 679 932
1178 * 1588 863 1588 1172 910 1172 910 863
1179 * 1976 1057 1976 1356 1354 1356 1354 1057
1180 * 1957 985 1957 1250 1475 1250 1475 985
1181 * 1665 790 1665 1270 632 1270 632 790
1182 * 1506 486 1506 656 1187 656 1187 486
1183 * 1383 1023 1383 1364 619 1364 619 1023
1184 * 1595 651 1595 964 903 964 903 651
1185 * 1947 1019 1947 1353 1217 1353 1217 1019
1186 * 1485 1121 1485 1439 807 1439 807 1121
1187 * 1531 637 1531 955 915 955 915 637
1188 * 1897 587 1897 888 1331 888 1331 587
1189 * 1776 711 1776 1070 1000 1070 1000 711
1190 * 1586 654 1586 942 1015 942 1015 654
1191 * 1863 1057 1863 1356 1248 1356 1248 1057
1192 * 1706 922 1706 1112 1341 1112 1341 922
1193 * 1621 631 1621 948 978 948 978 631
1194 * 415 416 415 502 259 502 259 416
1195 * 385 496 385 579 247 579 247 496
1196 * 696 380 696 633 108 633 108 380
1197 * 338 445 338 522 202 522 202 445
1198 * 449 186 449 318 201 318 201 186
1199 * 613 264 613 405 321 405 321 264
1200 * 574 478 574 599 302 599 302 478
1201 * 500 533 500 665 257 665 257 533
1202 * 642 498 642 730 137 730 137 498
1203 * 592 472 592 615 303 615 303 472
1204 * 466 248 466 374 235 374 235 248
1205 * 468 408 468 492 318 492 318 408
1206 * 551 150 551 290 269 290 269 150
1207 * 0 0 0 0 0 0 0 0
1208 * 393 131 393 209 249 209 249 131
1209 * 579 533 579 662 334 662 334 533
1210 * 409 510 409 573 280 573 280 510
1211 * 405 517 405 582 275 582 275 517
1212 * 253 418 253 490 118 490 118 418
1213 * 444 359 444 444 308 444 308 359
1214 * 534 378 534 467 387 467 387 378
1215 * 637 501 637 647 329 647 329 501
1216 * 574 152 574 269 350 269 350 152
1217 * 715 218 715 299 577 299 577 218
1218 * 241 417 241 502 105 502 105 417
1219 * 473 409 473 488 326 488 326 409
1220 * 483 472 483 540 362 540 362 472
1221 * 475 189 475 322 176 322 176 189
1222 * 465 420 465 496 331 496 331 420
1223 * 1026 576 1026 843 477 843 477 576
1224 * 1631 502 1631 1024 424 1024 424 502
1225 * 1304 618 1304 912 723 912 723 618
1226 * 1609 383 1609 575 1269 575 1269 383
1227 * 750 471 750 802 28 802 28 471
1228 * 1466 1573 1466 1754 1127 1754 1127 1573
1229 * 1862 596 1862 745 1568 745 1568 596
1230 * 1120 639 1120 803 797 803 797 639
1231 * 1151 253 1151 580 531 580 531 253
1232 * 1728 580 1728 857 1132 857 1132 580
1233 * 1788 597 1788 913 1125 913 1125 597
1234 * 1505 426 1505 951 338 951 338 426
1235 * 1731 880 1731 1208 1008 1208 1008 880
1236 * 877 326 877 543 526 543 526 326
1237 * 1194 1082 1194 1409 563 1409 563 1082
1238 * 785 1094 785 1287 442 1287 442 1094
1239 * 845 558 845 872 216 872 216 558
1240 * 1269 1114 1269 1281 1037 1281 1037 1114
1241 * 2151 864 2151 1100 1680 1100 1680 864
1242 * 1300 313 1300 468 1006 468 1006 313
1243 * 895 686 895 984 302 984 302 686
1244 * 0 0 0 0 0 0 0 0
1245 * 1147 666 1147 979 545 979 545 666
1246 * 1227 348 1227 551 859 551 859 348
1247 * 1204 345 1204 630 684 630 684 345
1248 * 1215 1060 1215 1284 893 1284 893 1060
1249 * 522 442 522 621 300 621 300 442
1250 * 1451 1114 1451 1446 817 1446 817 1114
1251 * 1947 633 1947 804 1634 804 1634 633
1252 * 1369 796 1369 1097 700 1097 700 796
1253 * 1572 1612 1572 1791 1268 1791 1268 1612
1254 * 1681 1036 1681 1566 533 1566 533 1036
1255 * 1456 865 1456 1189 782 1189 782 865
1256 * 1329 679 1329 858 976 858 976 679
1257 * 903 708 903 1055 246 1055 246 708
1258 * 964 915 964 1238 310 1238 310 915
1259 * 0 0 0 0 0 0 0 0
1260 * 1127 598 1127 805 770 805 770 598
1261 * 0 0 0 0 0 0 0 0
1262 * 904 441 904 756 304 756 304 441
1263 * 0 0 0 0 0 0 0 0
1264 * 1617 613 1617 1204 219 1204 219 613
1265 * 1140 306 1140 627 479 627 479 306
1266 * 1923 754 1923 1114 1162 1114 1162 754
1267 * 0 0 0 0 0 0 0 0
1268 * 1545 510 1545 801 1026 801 1026 510
1269 * 1952 1379 1952 1810 1075 1810 1075 1379
1270 * 3100 1325 3100 2391 894 2391 894 1325
1271 * 1866 1532 1866 1845 1329 1845 1329 1532
1272 * 1911 1864 1911 2210 1327 2210 1327 1864
1273 * 2881 1632 2881 2576 732 2576 732 1632
1274 * 2203 2093 2203 2929 262 2929 262 2093
1275 * 2095 2053 2095 2589 995 2589 995 2053
1276 * 1929 2102 1929 2654 740 2654 740 2102
1277 * 2630 1114 2630 2108 404 2108 404 1114
1278 * 1882 1109 1882 1432 1324 1432 1324 1109
1279 * 1834 1609 1834 1892 1345 1892 1345 1609
1280 * 1898 2083 1898 2646 684 2646 684 2083
1281 * 1633 185 1633 764 452 764 452 185
1282 * 0 0 0 0 0 0 0 0
1283 * 1679 1990 1679 2509 506 2509 506 1990
1284 * 1501 1693 1501 1977 901 1977 901 1693
1285 * 1840 2166 1840 2715 749 2715 749 2166
1286 * 3043 1217 3043 2198 813 2198 813 1217
1287 * 2469 1830 2469 2381 1293 2381 1293 1830
1288 * 2058 1989 2058 2549 854 2549 854 1989
1289 * 2080 855 2080 1362 945 1362 945 855
1290 * 1749 1804 1749 2264 818 2264 818 1804
1291 * 1614 1398 1614 1653 1109 1653 1109 1398
1292 * 1861 1753 1861 2312 590 2312 590 1753
1293 * 2243 1437 2243 1971 1057 1971 1057 1437
1294 * 3061 1657 3061 2510 1093 2510 1093 1657
1295 * 2329 1568 2329 2382 602 2382 602 1568
1296 * 2110 1127 2110 1609 1118 1609 1118 1127
1297 * 3100 991 3100 1925 1158 1925 1158 991
1298 * 1693 1850 1693 2427 422 2427 422 1850
1299 * 0 0 0 0 0 0 0 0
1300 * 2234 1405 2234 1856 1187 1856 1187 1405
1301 * 2074 1528 2074 2040 989 2040 989 1528
1302 * 2582 906 2582 1437 1446 1437 1446 906
1303 * 2525 1677 2525 2440 938 2440 938 1677
1304 * 2449 2117 2449 2944 636 2944 636 2117
1305 * 1860 1823 1860 2356 709 2356 709 1823
1306 * 1810 1469 1810 1816 1207 1816 1207 1469
1307 * 2224 1953 2224 2425 1267 2425 1267 1953
1308 * 2008 1494 2008 1788 1466 1788 1466 1494
1309 * 2065 1314 2065 1840 928 1840 928 1314
1310 * 1883 1607 1883 2438 39 2438 39 1607
1311 * 2066 1744 2066 2214 1103 2214 1103 1744
1312 * 2083 1656 2083 2182 948 2182 948 1656
1313 * 2568 1738 2568 2568 851 2568 851 1738
1314 * 475 263 475 402 157 402 157 263
1315 * 620 343 620 480 340 480 340 343
1316 * 585 237 585 366 325 366 325 237
1317 * 509 382 509 499 277 499 277 382
1318 * 448 257 448 385 163 385 163 257
1319 * 500 271 500 403 220 403 220 271
1320 * 595 316 595 450 299 450 299 316
1321 * 573 245 573 447 149 447 149 245
1322 * 314 345 314 450 105 450 105 345
1323 * 466 233 466 361 187 361 187 233
1324 * 649 72 649 263 234 263 234 72
1325 * 440 311 440 450 136 450 136 311
1326 * 424 156 424 282 134 282 134 156
1327 * 437 227 437 364 130 364 130 227
1328 * 564 313 564 443 310 443 310 313
1329 * 499 136 499 234 322 234 322 136
1330 * 491 233 491 370 184 370 184 233
1331 * 495 188 495 319 195 319 195 188
1332 * 458 261 458 335 321 335 321 261
1333 * 371 341 371 422 219 422 219 341
1334 * 491 235 491 362 195 362 195 235
1335 * 485 272 485 375 277 375 277 272
1336 * 623 368 623 585 107 585 107 368
1337 * 519 431 519 566 238 566 238 431
1338 * 0 0 0 0 0 0 0 0
1339 * 504 330 504 476 190 476 190 330
1340 * 412 352 412 438 255 438 255 352
1341 * 582 105 582 296 186 296 186 105
1342 * 667 446 667 647 250 647 250 446
1343 * 578 203 578 343 270 343 270 203
1344 * 467 108 467 227 239 227 239 108
1345 * 410 161 410 286 141 286 141 161
1346 * 477 353 477 463 272 463 272 353
1347 * 412 223 412 355 124 355 124 223
1348 * 578 270 578 408 291 408 291 270
1349 * 538 359 538 477 301 477 301 359
1350 * 435 263 435 345 276 345 276 263
1351 * 471 373 471 508 176 508 176 373
1352 * 0 0 0 0 0 0 0 0
1353 * 390 318 390 403 242 403 242 318
1354 * 364 178 364 295 143 295 143 178
1355 * 542 291 542 402 330 402 330 291
1356 * 389 399 389 474 244 474 244 399
1357 * 427 192 427 325 144 325 144 192
1358 * 479 357 479 484 227 484 227 357
1359 * 640 273 640 428 293 428 293 273
1360 * 371 87 371 220 72 220 72 87
1361 * 520 237 520 358 263 358 263 237
1362 * 455 356 455 484 179 484 179 356
1363 * 607 143 607 333 211 333 211 143
1364 * 2191 1503 2191 2177 747 2177 747 1503
1365 * 1994 1134 1994 1589 976 1589 976 1134
1366 * 2101 971 2101 1364 1260 1364 1260 971
1367 * 2214 1029 2214 1424 1330 1424 1330 1029
1368 * 1724 1056 1724 1477 779 1477 779 1056
1369 * 1804 1630 1804 2064 987 2064 987 1630
1370 * 1717 1005 1717 1426 879 1426 879 1005
1371 * 2073 770 2073 1363 838 1363 838 770
1372 * 2298 1200 2298 1655 1301 1655 1301 1200
1373 * 2710 1182 2710 1873 1224 1873 1224 1182
1374 * 1819 1148 1819 1617 805 1617 805 1148
1375 * 1808 2610 1808 2814 1511 2814 1511 2610
1376 * 627 632 627 861 329 861 329 632
1377 * 1715 803 1715 1236 714 1236 714 803
1378 * 1882 1186 1882 1644 829 1644 829 1186
1379 * 1663 1592 1663 1998 829 1998 829 1592
1380 * 1821 1389 1821 1798 935 1798 935 1389
1381 * 1593 1092 1593 1490 744 1490 744 1092
1382 * 1754 1228 1754 1683 815 1683 815 1228
1383 * 1735 978 1735 1412 758 1412 758 978
1384 * 1499 1393 1499 1623 1050 1623 1050 1393
1385 * 1501 1695 1501 1973 1025 1973 1025 1695
1386 * 1841 921 1841 1363 864 1363 864 921
1387 * 1799 1188 1799 1601 856 1601 856 1188
1388 * 1723 1269 1723 1697 734 1697 734 1269
1389 * 2743 766 2743 1414 1319 1414 1319 766
1390 * 1716 1410 1716 1812 805 1812 805 1410
1391 * 1485 1318 1485 1651 888 1651 888 1318
1392 * 1721 1562 1721 1989 783 1989 783 1562
1393 * 1708 926 1708 1312 925 1312 925 926
1394 * 2223 998 2223 1440 1232 1440 1232 998
1395 * 1682 1212 1682 1631 781 1631 781 1212
1396 * 1695 1116 1695 1545 733 1545 733 1116
1397 * 1770 1121 1770 1544 878 1544 878 1121
1398 * 1900 1316 1900 1757 976 1757 976 1316
1399 * 1592 904 1592 1276 799 1276 799 904
1400 * 1986 855 1986 1291 1014 1291 1014 855
1401 * 1525 1261 1525 1707 578 1707 578 1261
1402 * 1712 1318 1712 1782 776 1782 776 1318
1403 * 2210 1168 2210 1874 679 1874 679 1168
1404 * 1584 1231 1584 1562 990 1562 990 1231
1405 * 2299 1112 2299 1545 1309 1545 1309 1112
1406 * 2144 957 2144 1593 785 1593 785 957
1407 * 2071 1240 2071 1896 684 1896 684 1240
1408 * 1624 1513 1624 1951 688 1951 688 1513
1409 * 1661 965 1661 1363 809 1363 809 965
1410 * 1628 752 1628 1161 738 1161 738 752
1411 * 1727 1550 1727 1987 786 1987 786 1550
1412 * 1773 1517 1773 1926 847 1926 847 1517
1413 * 1745 1143 1745 1563 830 1563 830 1143
1414 * 1309 360 1309 660 649 660 649 360
1415 * 1469 461 1469 767 790 767 790 461
1416 * 1225 340 1225 638 572 638 572 340
1417 * 1047 903 1047 1193 577 1193 577 903
1418 * 1392 959 1392 1271 774 1271 774 959
1419 * 1306 474 1306 753 717 753 717 474
1420 * 1375 971 1375 1301 726 1301 726 971
1421 * 2086 1022 2086 1223 1692 1223 1692 1022
1422 * 2678 613 2678 1102 1649 1102 1649 613
1423 * 1301 350 1301 679 553 679 553 350
1424 * 1458 254 1458 587 620 587 620 254
1425 * 1466 406 1466 735 669 735 669 406
1426 * 1342 437 1342 711 773 711 773 437
1427 * 1163 446 1163 769 423 769 423 446
1428 * 1288 444 1288 757 603 757 603 444
1429 * 2337 781 2337 1029 1853 1029 1853 781
1430 * 1185 245 1185 579 383 579 383 245
1431 * 1919 323 1919 535 1506 535 1506 323
1432 * 1894 558 1894 795 1458 795 1458 558
1433 * 1484 1622 1484 2074 527 2074 527 1622
1434 * 2435 872 2435 1290 1510 1290 1510 872
1435 * 1170 434 1170 617 736 617 736 434
1436 * 1396 444 1396 766 644 766 644 444
1437 * 1650 337 1650 697 791 697 791 337
1438 * 1348 389 1348 675 716 675 716 389
1439 * 1327 332 1327 706 450 706 450 332
1440 * 2458 895 2458 1246 1745 1246 1745 895
1441 * 1285 498 1285 814 569 814 569 498
1442 * 1918 987 1918 1279 1350 1279 1350 987
1443 * 1408 409 1408 730 678 730 678 409
1444 * 2091 381 2091 806 1200 806 1200 381
1445 * 1850 223 1850 800 505 800 505 223
1446 * 1260 429 1260 630 778 630 778 429
1447 * 1306 377 1306 675 671 675 671 377
1448 * 1519 459 1519 792 703 792 703 459
1449 * 1438 394 1438 695 791 695 791 394
1450 * 1517 405 1517 732 762 732 762 405
1451 * 2550 806 2550 1239 1586 1239 1586 806
1452 * 1621 400 1621 754 767 754 767 400
1453 * 1581 956 1581 1247 1052 1247 1052 956
1454 * 1187 433 1187 624 728 624 728 433
1455 * 1245 397 1245 681 651 681 651 397
1456 * 1395 379 1395 705 670 705 670 379
1457 * 2279 749 2279 1066 1723 1066 1723 749
1458 * 1440 363 1440 691 651 691 651 363
1459 * 1353 317 1353 651 564 651 564 317
1460 * 2196 663 2196 1079 1256 1079 1256 663
1461 * 1654 259 1654 635 744 635 744 259
1462 * 2181 698 2181 1107 1268 1107 1268 698
1463 * 1711 306 1711 840 535 840 535 306
1464 * 1365 398 1365 720 637 720 637 398
1465 * 1781 783 1781 1112 1005 1112 1005 783
1466 * 1420 432 1420 762 685 762 685 432
1467 * 1380 351 1380 667 636 667 636 351
1468 * 1337 439 1337 745 665 745 665 439
1469 * 1203 901 1203 1123 768 1123 768 901
1470 * 1257 785 1257 1011 836 1011 836 785
1471 * 2289 615 2289 1014 1357 1014 1357 615
1472 * 1837 841 1837 1071 1383 1071 1383 841
1473 * 3086 414 3086 798 2327 798 2327 414
1474 * 2404 492 2404 910 1446 910 1446 492
1475 * 2413 465 2413 846 1609 846 1609 465
1476 * 1449 516 1449 827 761 827 761 516
1477 * 1287 465 1287 753 674 753 674 465
1478 * 1328 433 1328 758 573 758 573 433
1479 * 1374 442 1374 746 705 746 705 442
1480 * 1417 203 1417 578 490 578 490 203
1481 * 1234 488 1234 761 649 761 649 488
1482 * 1371 386 1371 718 589 718 589 386
1483 * 1383 412 1383 748 611 748 611 412
1484 * 1622 1092 1622 1461 933 1461 933 1092
1485 * 1453 431 1453 804 552 804 552 431
1486 * 1352 421 1352 759 545 759 545 421
1487 * 1679 165 1679 758 414 758 414 165
1488 * 1448 777 1448 999 1039 999 1039 777
1489 * 1238 484 1238 757 661 757 661 484
1490 * 2415 350 2415 825 1357 825 1357 350
1491 * 1189 410 1189 619 722 619 722 410
1492 * 1227 900 1227 1142 814 1142 814 900
1493 * 1501 312 1501 652 665 652 665 312
1494 * 1943 463 1943 876 958 876 958 463
1495 * 1285 468 1285 681 808 681 808 468
1496 * 1219 497 1219 765 674 765 674 497
1497 * 2249 600 2249 1024 1282 1024 1282 600
1498 * 1165 468 1165 660 704 660 704 468
1499 * 1271 854 1271 1065 838 1065 838 854
1500 * 1530 318 1530 664 745 664 745 318
1501 * 1434 327 1434 649 660 649 660 327
1502 * 1306 260 1306 567 618 567 618 260
1503 * 1821 753 1821 1009 1358 1009 1358 753
1504 * 1194 490 1194 701 733 701 733 490
1505 * 1241 377 1241 694 514 694 514 377
1506 * 1456 410 1456 688 889 688 889 410
1507 * 1243 452 1243 704 724 704 724 452
1508 * 1348 395 1348 659 830 659 830 395
1509 * 1406 293 1406 626 648 626 648 293
1510 * 1181 392 1181 605 705 605 705 392
1511 * 1134 524 1134 722 669 722 669 524
1512 * 1437 458 1437 762 785 762 785 458
1513 * 1421 442 1421 785 678 785 678 442
1514 * 1296 326 1296 646 550 646 550 326
1515 * 1362 371 1362 647 785 647 785 371
1516 * 1714 834 1714 1203 919 1203 919 834
1517 * 1384 360 1384 681 653 681 653 360
1518 * 1237 445 1237 652 768 652 768 445
1519 * 1464 355 1464 654 795 654 795 355
1520 * 1253 383 1253 669 665 669 665 383
1521 * 2185 614 2185 1041 1357 1041 1357 614
1522 * 1314 381 1314 697 614 697 614 381
1523 * 1252 339 1252 644 599 644 599 339
1524 * 1327 418 1327 734 648 734 648 418
1525 * 1223 387 1223 706 542 706 542 387
1526 * 1355 386 1355 664 751 664 751 386
1527 * 1197 444 1197 749 553 749 553 444
1528 * 1547 217 1547 530 828 530 828 217
1529 * 1221 978 1221 1305 632 1305 632 978
1530 * 1267 420 1267 748 552 748 552 420
1531 * 1753 446 1753 612 1438 612 1438 446
1532 * 1310 378 1310 647 762 647 762 378
1533 * 1686 371 1686 575 1339 575 1339 371
1534 * 2156 519 2156 924 1305 924 1305 519
1535 * 2277 582 2277 818 1835 818 1835 582
1536 * 2223 214 2223 692 1140 692 1140 214
1537 * 1163 447 1163 764 434 764 434 447
1538 * 1794 1029 1794 1324 1228 1324 1228 1029
1539 * 1299 401 1299 714 539 714 539 401
1540 * 1409 343 1409 707 504 707 504 343
1541 * 2099 458 2099 689 1638 689 1638 458
1542 * 1366 381 1366 686 709 686 709 381
1543 * 2285 776 2285 1169 1513 1169 1513 776
1544 * 1352 309 1352 648 534 648 534 309
1545 * 1421 459 1421 816 575 816 575 459
1546 * 1374 388 1374 732 533 732 533 388
1547 * 1369 530 1369 830 709 830 709 530
1548 * 2026 745 2026 1177 1042 1177 1042 745
1549 * 1671 267 1671 784 461 784 461 267
1550 * 1533 428 1533 752 764 752 764 428
1551 * 1540 850 1540 1188 849 1188 849 850
1552 * 2068 635 2068 993 1362 993 1362 635
1553 * 2564 854 2564 1187 1911 1187 1911 854
1554 * 1767 963 1767 1293 1138 1293 1138 963
1555 * 1288 458 1288 791 530 791 530 458
1556 * 1392 505 1392 759 885 759 885 505
1557 * 1767 255 1767 753 518 753 518 255
1558 * 1586 204 1586 534 831 534 831 204
1559 * 1126 1022 1126 1382 482 1382 482 1022
1560 * 1855 722 1855 1062 1223 1062 1223 722
1561 * 1177 508 1177 720 696 720 696 508
1562 * 1287 360 1287 631 743 631 743 360
1563 * 1354 416 1354 754 558 754 558 416
1564 * 1160 464 1160 687 667 687 667 464
1565 * 1380 526 1380 852 619 852 619 526
1566 * 1403 416 1403 722 710 722 710 416
1567 * 1202 879 1202 1094 763 1094 763 879
1568 * 1365 460 1365 740 771 740 771 460
1569 * 1655 297 1655 872 367 872 367 297
1570 * 1105 500 1105 692 651 692 651 500
1571 * 1292 422 1292 728 617 728 617 422
1572 * 2755 580 2755 927 2106 927 2106 580
1573 * 1394 426 1394 714 791 714 791 426
1574 * 1218 423 1218 632 741 632 741 423
1575 * 1550 402 1550 715 807 715 807 402
1576 * 1146 41 1146 228 763 228 763 41
1577 * 1541 407 1541 741 780 741 780 407
1578 * 1268 390 1268 737 482 737 482 390
1579 * 1571 430 1571 749 819 749 819 430
1580 * 1758 162 1758 672 581 672 581 162
1581 * 1198 1072 1198 1290 748 1290 748 1072
1582 * 1425 397 1425 712 724 712 724 397
1583 * 1670 1217 1670 1448 1223 1448 1223 1217
1584 * 1570 398 1570 741 794 741 794 398
1585 * 1456 451 1456 746 777 746 777 451
1586 * 1330 390 1330 731 559 731 559 390
1587 * 1320 413 1320 700 730 700 730 413
1588 * 1401 403 1401 722 698 722 698 403
1589 * 1225 405 1225 738 472 738 472 405
1590 * 352 136 352 184 251 184 251 136
1591 * 413 287 413 409 183 409 183 287
1592 * 142 151 142 194 51 194 51 151
1593 * 408 389 408 481 211 481 211 389
1594 * 239 256 239 328 98 328 98 256
1595 * 534 409 534 523 300 523 300 409
1596 * 537 395 537 512 279 512 279 395
1597 * 387 209 387 299 199 299 199 209
1598 * 415 233 415 298 294 298 294 233
1599 * 411 409 411 515 183 515 183 409
1600 * 428 68 428 230 30 230 30 68
1601 * 866 907 866 1101 493 1101 493 907
1602 * 0 0 0 0 0 0 0 0
1603 * 218 172 218 217 125 217 125 172
1604 * 205 158 205 207 104 207 104 158
1605 * 405 231 405 293 276 293 276 231
1606 * 463 280 463 372 271 372 271 280
1607 * 403 125 403 226 194 226 194 125
1608 * 236 107 236 169 113 169 113 107
1609 * 307 156 307 225 183 225 183 156
1610 * 176 157 176 203 75 203 75 157
1611 * 257 141 257 206 118 206 118 141
1612 * 241 70 241 136 96 136 96 70
1613 * 158 136 158 177 78 177 78 136
1614 * 348 84 348 220 33 220 33 84
1615 * 591 252 591 326 455 326 455 252
1616 * 536 63 536 263 29 263 29 63
1617 * 361 191 361 237 274 237 274 191
1618 * 539 156 539 306 196 306 196 156
1619 * 210 138 210 179 132 179 132 138
1620 * 302 233 302 309 143 309 143 233
1621 * 401 327 401 400 264 400 264 327
1622 * 474 268 474 367 280 367 280 268
1623 * 273 190 273 255 131 255 131 190
1624 * 301 192 301 253 187 253 187 192
1625 * 159 152 159 203 58 203 58 152
1626 * 250 140 250 204 114 204 114 140
1627 * 365 160 365 245 185 245 185 160
1628 * 157 182 157 251 14 251 14 182
1629 * 198 235 198 293 77 293 77 235
1630 * 303 202 303 261 184 261 184 202
1631 * 489 8 489 117 314 117 314 8
1632 * 859 381 859 492 638 492 638 381
1633 * 315 57 315 191 -1 191 -1 57
1634 * 482 276 482 366 285 366 285 276
1635 * 359 172 359 244 205 244 205 172
1636 * 827 57 827 294 341 294 341 57
1637 * 321 392 321 473 152 473 152 392
1638 * 300 237 300 307 144 307 144 237
1639 * 322 57 322 205 -1 205 -1 57
1640 * 306 64 306 131 164 131 164 64
1641 * 383 184 383 288 161 288 161 184
1642 * 164 160 164 206 76 206 76 160
1643 * 261 203 261 267 132 267 132 203
1644 * 325 126 325 210 139 210 139 126
1645 * 696 523 696 687 348 687 348 523
1646 * 453 218 453 282 320 282 320 218
1647 * 293 167 293 227 179 227 179 167
1648 * 423 325 423 425 207 425 207 325
1649 * 369 260 369 345 187 345 187 260
1650 * 320 81 320 211 14 211 14 81
1651 * 233 111 233 157 135 157 135 111
1652 * 295 340 295 450 60 450 60 340
1653 * 620 75 620 355 -1 355 -1 75
1654 * 335 273 335 353 154 353 154 273
1655 * 452 224 452 395 32 395 32 224
1656 * 218 124 218 173 120 173 120 124
1657 * 246 203 246 269 110 269 110 203
1658 * 258 183 258 219 180 219 180 183
1659 * 300 344 300 438 101 438 101 344
1660 * 258 89 258 166 90 166 90 89
1661 * 317 262 317 342 165 342 165 262
1662 * 351 172 351 245 199 245 199 172
1663 * 242 325 242 381 144 381 144 325
