3 2503 1283 2524 1509 1851 1851 1798 1599 * 4197 2832 4197 3119 603 3119 603 2832
6 2998 1257 3024 1614 2104 2182 2046 1793 * 0 0 0 0 0 0 0 0
9 2961 1178 2882 1656 1057 1672 994 1188 * 4207 2516 4207 3119 658 3119 658 2516
10 2156 1604 2146 1788 1830 1578 1830 1430 * 3488 3038 3488 3119 1437 3119 1437 3038
11 2535 1783 2482 2019 1604 1535 1593 1325 * 0 0 0 0 0 0 0 0
18 2182 1076 2222 1380 882 1584 842 1261 * 2761 3073 2761 3119 0 3119 0 3073
21 2566 1383 2551 1593 1983 1935 1993 1709 * 4207 3029 4207 3119 1091 3119 1091 3029
26 2663 1468 2650 1822 1368 1547 1381 1216 * 4207 3054 4207 3119 0 3119 0 3054
28 1879 1723 1887 1825 1552 1848 1552 1762 * 0 0 0 0 0 0 0 0
33 1981 1665 1999 1782 1760 1864 1737 1736 * 0 0 0 0 0 0 0 0
34 2755 1407 2755 1682 1894 1920 1886 1625 * 0 0 0 0 0 0 0 0
36 2639 1164 2659 1501 1641 1753 1621 1400 * 3931 2877 3931 3119 119 3119 119 2877
37 2506 1453 2511 1616 1928 1646 1917 1483 * 0 0 0 0 0 0 0 0
52 1835 1652 1841 1821 1269 1815 1264 1652 * 0 0 0 0 0 0 0 0
56 2435 1720 2367 1951 1504 1535 1520 1315 * 0 0 0 0 0 0 0 0
58 2321 2455 2321 2716 1019 2659 1007 2402 * 0 0 0 0 0 0 0 0
59 1907 2437 1844 2663 889 2203 900 1977 * 0 0 0 0 0 0 0 0
61 2226 1400 2177 1833 478 2341 500 1878 * 2987 4635 2987 5311 0 5311 0 4635
63 1839 1564 1850 1959 658 2268 635 1844 * 2987 4980 2987 5311 0 5311 0 4980
68 2644 1770 2573 2304 444 2536 418 1979 * 2987 3206 2987 4854 0 4854 0 3206
69 1878 1027 1893 1557 466 2715 377 2136 * 2987 5264 2987 5311 0 5311 0 5264
73 2424 1909 2440 2397 699 2239 667 1765 * 2382 4684 2382 5311 0 5311 0 4684
80 1747 2319 1602 2782 638 2308 780 1889 * 2769 5231 2769 5311 0 5311 0 5231
87 5000 767 5000 1748 994 1780 960 799 * 3593 2975 3593 2987 0 2987 0 2975
89 2420 1807 2435 2319 829 2692 814 2148 * 2987 4378 2987 5311 0 5311 0 4378
91 1632 1569 1643 1958 467 2210 445 1803 * 2776 4396 2776 5311 0 5311 0 4396
98 1774 1071 1762 1535 295 1998 306 1490 * 1916 5262 1916 5311 0 5311 0 5262
101 1916 1878 1934 2169 976 2259 958 1968 * 2987 5242 2987 5311 0 5311 0 5242
104 3628 431 3654 1353 674 1379 648 469 * 2979 2891 2979 2987 0 2987 0 2891
105 2428 1530 2403 1880 1107 1723 1132 1389 * 2987 4731 2987 5311 0 5311 0 4731
106 1537 1241 1546 1576 553 1791 535 1440 * 2987 4029 2987 5311 0 5311 0 4029
113 1606 556 1606 615 1390 615 1390 556 * 406 2194 406 2433 0 2433 0 2194
119 1418 955 1428 1041 1170 1090 1158 1002 * 0 0 0 0 0 0 0 0
121 2619 1109 2647 1264 2031 1493 1982 1338 * 0 0 0 0 0 0 0 0
122 1361 1329 1353 1461 988 1417 995 1287 * 0 0 0 0 0 0 0 0
125 1668 1260 1685 1342 1505 1452 1481 1362 * 0 0 0 0 0 0 0 0
129 1815 1211 1836 1281 1664 1326 1648 1240 * 0 0 0 0 0 0 0 0
133 1632 1545 1652 1691 1150 1789 1126 1638 * 0 0 0 0 0 0 0 0
135 1689 1068 1721 1179 1501 1297 1476 1175 * 3227 2227 3227 2447 845 2447 845 2227
137 1354 1436 1370 1525 1175 1521 1154 1440 * 0 0 0 0 0 0 0 0
141 1693 685 1685 775 1501 697 1509 616 * 2993 2364 2993 2447 1193 2447 1193 2364
142 1734 946 1766 1048 1542 1138 1509 1028 * 0 0 0 0 0 0 0 0
144 1825 1422 1819 1486 1609 1451 1613 1389 * 0 0 0 0 0 0 0 0
153 2101 918 2129 1077 1615 1419 1558 1248 * 0 0 0 0 0 0 0 0
168 1456 1309 1389 1603 584 1272 621 1003 * 2447 3032 2447 3263 0 3263 0 3032
171 1337 1383 1224 1603 584 1049 636 817 * 0 0 0 0 0 0 0 0
181 1420 1500 1399 1852 292 1569 312 1241 * 0 0 0 0 0 0 0 0
182 1406 1328 1399 1561 604 1424 604 1198 * 2447 3246 2447 3263 0 3263 0 3246
183 1897 1456 1943 1713 1162 2111 1080 1817 * 2447 3249 2447 3263 254 3263 254 3249
185 1924 1370 1995 1640 1141 2077 1022 1787 * 0 0 0 0 0 0 0 0
187 1742 1936 1742 2262 448 2236 437 1914 * 2447 3165 2447 3263 0 3263 0 3165
189 1979 1123 2034 1450 1009 1921 893 1591 * 0 0 0 0 0 0 0 0
192 1884 1367 1936 1615 1034 1995 966 1716 * 1785 3212 1785 3263 0 3263 0 3212
195 1220 1597 1171 1814 336 1343 327 1135 * 0 0 0 0 0 0 0 0
196 1389 1099 1389 1351 516 1341 516 1093 * 2447 3181 2447 3263 0 3263 0 3181
209 1673 1110 1768 1383 1049 1790 911 1450 * 0 0 0 0 0 0 0 0
214 1607 1734 1598 2001 684 1822 692 1572 * 0 0 0 0 0 0 0 0
215 1986 1986 1974 2266 722 2148 734 1876 * 2447 3251 2447 3263 0 3263 0 3251
218 1783 1055 1829 1324 1116 1716 1049 1383 * 0 0 0 0 0 0 0 0
221 1777 1591 1768 1811 893 2031 856 1805 * 0 0 0 0 0 0 0 0
229 2031 999 2035 1134 1534 1476 1505 1334 * 0 0 0 0 0 0 0 0
230 2016 777 2025 1098 1117 1332 1099 996 * 2683 2253 2683 2447 0 2447 0 2253
236 2159 970 2175 1220 1348 1386 1325 1128 * 0 0 0 0 0 0 0 0
248 2215 779 2215 962 1615 1224 1587 1044 * 2852 2411 2852 2447 306 2447 306 2411
249 1725 1134 1754 1297 1321 1591 1289 1415 * 0 0 0 0 0 0 0 0
250 2158 807 2146 1028 1073 1444 1007 1252 * 3263 2290 3263 2447 0 2447 0 2290
260 1799 1236 1848 1415 1370 1823 1321 1627 * 0 0 0 0 0 0 0 0
261 2134 691 2153 1017 1063 847 1023 540 * 3263 2380 3263 2447 0 2447 0 2380
267 2066 1106 2081 1328 1330 1510 1315 1273 * 0 0 0 0 0 0 0 0
270 2317 806 2330 1199 980 1492 954 1078 * 3263 2392 3263 2447 0 2447 0 2392
275 3045 251 3045 345 2800 396 2800 297 * 2655 2271 2655 2447 1243 2447 1243 2271
277 2073 864 2087 1087 1349 1574 1310 1312 * 0 0 0 0 0 0 0 0
278 2029 739 2040 924 1472 1212 1447 982 * 3263 2346 3263 2447 1143 2447 1143 2346
281 1571 952 1602 1233 484 1255 443 978 * 3263 2423 3263 2447 0 2447 0 2423
285 2131 1300 2138 1511 1247 1685 1231 1460 * 0 0 0 0 0 0 0 0
290 2724 1073 2734 1306 1740 1412 1730 1175 * 0 0 0 0 0 0 0 0
291 2503 1011 2503 1317 1394 1326 1394 1023 * 3820 1937 3820 2335 0 2335 0 1937
293 1679 1518 1679 1580 1445 1560 1445 1502 * 0 0 0 0 0 0 0 0
303 2415 446 2415 729 1182 717 1182 439 * 3898 2243 3898 2335 0 2335 0 2243
311 2876 1158 2876 1453 2246 1917 2237 1598 * 2975 2255 2975 2335 707 2335 707 2255
313 2518 1527 2521 1613 2264 1631 2267 1533 * 0 0 0 0 0 0 0 0
319 2686 1111 2686 1455 1307 1455 1307 1118 * 3149 2207 3149 2335 0 2335 0 2207
323 3038 1226 2982 1421 2311 1607 2347 1409 * 0 0 0 0 0 0 0 0
324 2660 1181 2610 1412 1268 1483 1203 1235 * 0 0 0 0 0 0 0 0
337 1924 1591 1924 1658 1743 1696 1745 1627 * 0 0 0 0 0 0 0 0
341 1156 1169 1156 1246 988 1205 988 1131 * 1168 2581 1168 2591 608 2591 608 2581
342 824 882 827 951 586 952 586 886 * 891 2557 891 2591 275 2591 275 2557
344 885 940 888 973 778 976 779 941 * 321 1087 321 1201 156 1201 156 1087
345 294 960 293 1002 125 992 126 951 * 303 1439 303 1523 169 1523 169 1439
346 1070 1332 1094 1408 952 1458 929 1373 * 1551 2572 1551 2591 345 2591 345 2572
348 942 1330 985 1382 839 1512 797 1457 * 1356 2544 1356 2591 0 2591 0 2544
349 308 1120 306 1163 147 1152 149 1110 * 0 0 0 0 0 0 0 0
351 955 1020 957 1057 840 1057 838 1022 * 1080 2518 1080 2591 822 2591 822 2518
352 1372 598 1372 657 1193 664 1193 607 * 0 0 0 0 0 0 0 0
353 794 1071 795 1117 627 1115 625 1071 * 1551 2522 1551 2591 0 2591 0 2522
354 918 1394 926 1434 796 1440 790 1401 * 905 1814 905 1896 783 1896 783 1814
357 983 1118 983 1155 861 1147 861 1111 * 708 2559 708 2591 335 2591 335 2559
358 1158 570 1158 644 887 651 884 577 * 0 0 0 0 0 0 0 0
359 736 1181 736 1249 487 1240 491 1171 * 928 2257 928 2464 660 2464 660 2257
360 1225 613 1228 699 927 691 927 606 * 1519 1543 1519 1551 906 1551 906 1543
362 894 1193 905 1239 758 1264 750 1216 * 1069 2531 1069 2591 0 2591 0 2531
363 690 1120 692 1151 607 1150 607 1118 * 633 2062 633 2127 527 2127 527 2062
365 487 1039 486 1080 378 1070 382 1032 * 286 2151 286 2199 169 2199 169 2151
366 816 1110 821 1184 572 1186 565 1114 * 1212 2512 1212 2591 990 2591 990 2512
368 786 1155 786 1192 644 1194 646 1157 * 616 2564 616 2591 415 2591 415 2564
370 358 1097 357 1145 197 1135 200 1089 * 0 0 0 0 0 0 0 0
371 1648 861 1648 933 1481 926 1480 856 * 0 0 0 0 0 0 0 0
372 1381 654 1381 760 1019 747 1015 642 * 0 0 0 0 0 0 0 0
374 750 1154 752 1194 612 1189 612 1150 * 0 0 0 0 0 0 0 0
375 748 987 750 1027 611 1023 609 984 * 1104 2538 1104 2591 770 2591 770 2538
376 801 1032 801 1130 597 1130 599 1029 * 0 0 0 0 0 0 0 0
377 2491 427 2491 466 2329 469 2329 430 * 898 1515 898 1551 652 1551 652 1515
381 1800 1909 1769 2171 1132 1721 1137 1486 * 0 0 0 0 0 0 0 0
396 1769 2502 1769 2873 586 2592 575 2244 * 0 0 0 0 0 0 0 0
399 2039 1894 2059 2149 1030 2709 968 2381 * 0 0 0 0 0 0 0 0
403 1254 1987 1285 2237 219 2692 135 2468 * 3012 3964 3012 4207 388 4207 388 3964
404 1707 2372 1709 2592 1013 2188 997 1971 * 0 0 0 0 0 0 0 0
405 1977 2788 1965 3018 869 2683 830 2445 * 1732 3909 1732 4207 0 4207 0 3909
406 2090 1785 2063 2291 715 1859 742 1378 * 0 0 0 0 0 0 0 0
409 2082 2527 2012 2831 1088 2301 1123 2035 * 0 0 0 0 0 0 0 0
412 771 2346 782 2601 44 2415 22 2166 * 0 0 0 0 0 0 0 0
422 1837 1519 1847 1624 1545 1673 1539 1565 * 0 0 0 0 0 0 0 0
427 1649 2375 1631 2654 875 2255 884 2013 * 0 0 0 0 0 0 0 0
436 1883 1040 1953 1206 1418 1534 1338 1346 * 0 0 0 0 0 0 0 0
443 1735 2273 1716 2488 929 2058 906 1847 * 0 0 0 0 0 0 0 0
446 2280 1328 2307 1597 1643 2277 1562 2031 * 3071 4079 3071 4095 500 4095 500 4079
452 2319 1532 2365 1716 1781 2123 1708 1939 * 0 0 0 0 0 0 0 0
453 1954 1347 1973 1574 1390 1950 1340 1701 * 0 0 0 0 0 0 0 0
454 1950 2227 1893 2423 1125 1827 1128 1628 * 0 0 0 0 0 0 0 0
457 1827 1409 1850 1632 1048 1958 986 1743 * 0 0 0 0 0 0 0 0
484 2336 774 2358 952 1960 1146 1927 949 * 2368 1395 2368 1455 0 1455 0 1395
487 804 1091 800 1256 390 1137 397 979 * 1377 1428 1377 1455 0 1455 0 1428
488 1552 991 1558 1159 938 1169 926 1004 * 0 0 0 0 0 0 0 0
492 1509 939 1509 1105 837 1148 830 980 * 2445 1364 2445 1455 0 1455 0 1364
501 1977 854 1977 1007 1571 1148 1567 982 * 2591 1432 2591 1455 1489 1455 1489 1432
507 1911 1049 1911 1166 1490 1344 1470 1211 * 1957 1431 1957 1455 468 1455 468 1431
512 2237 861 2237 1014 1834 1146 1834 983 * 0 0 0 0 0 0 0 0
530 584 741 575 893 323 781 332 635 * 1334 1411 1334 1455 0 1455 0 1411
545 2187 1965 2197 2363 1194 2126 1164 1748 * 0 0 0 0 0 0 0 0
549 3065 1410 3067 1503 2764 1543 2762 1449 * 0 0 0 0 0 0 0 0
550 1942 1067 1929 1294 1463 1182 1476 964 * 0 0 0 0 0 0 0 0
555 1884 631 1895 995 725 1234 704 855 * 4031 2886 4031 3023 0 3023 0 2886
557 2583 2138 2583 2473 1532 2214 1532 1900 * 0 0 0 0 0 0 0 0
568 2308 1386 2333 1532 1774 1587 1748 1431 * 0 0 0 0 0 0 0 0
569 2207 1844 2217 2257 1315 1935 1275 1557 * 0 0 0 0 0 0 0 0
571 973 1017 973 1206 438 1143 438 960 * 0 0 0 0 0 0 0 0
572 1930 1617 1975 1804 1441 2121 1365 1915 * 0 0 0 0 0 0 0 0
574 2666 1446 2691 1612 2434 1743 2404 1562 * 0 0 0 0 0 0 0 0
576 3376 15 3447 196 3250 287 3175 95 * 0 0 0 0 0 0 0 0
579 1088 1431 1023 1592 781 1496 841 1335 * 0 0 0 0 0 0 0 0
580 1889 1366 1887 1443 1653 1440 1653 1365 * 1740 2557 1740 2771 1227 2771 1227 2557
593 2081 2034 2083 2098 1859 2100 1857 2038 * 0 0 0 0 0 0 0 0
597 2567 2161 2558 2454 1762 2220 1762 1950 * 2172 2788 2172 3023 0 3023 0 2788
603 2615 1186 2647 1505 1906 1689 1874 1361 * 0 0 0 0 0 0 0 0
607 2010 1476 2000 1582 1638 1587 1638 1476 * 0 0 0 0 0 0 0 0
609 1058 1416 1038 1582 685 1547 705 1396 * 0 0 0 0 0 0 0 0
610 844 1265 853 1398 370 1476 360 1337 * 0 0 0 0 0 0 0 0
614 388 584 398 710 126 690 115 569 * 0 0 0 0 0 0 0 0
615 1741 1163 1759 1363 1386 1491 1368 1288 * 0 0 0 0 0 0 0 0
623 2475 1529 2485 1813 1919 1639 1909 1371 * 0 0 0 0 0 0 0 0
627 1034 1656 1039 1748 789 1732 786 1643 * 0 0 0 0 0 0 0 0
628 1547 1038 1561 1137 1259 1196 1245 1093 * 0 0 0 0 0 0 0 0
633 286 325 288 375 171 398 169 348 * 479 624 479 639 247 639 247 624
634 265 208 267 234 187 242 185 216 * 0 0 0 0 0 0 0 0
635 276 274 280 310 163 322 159 285 * 274 621 274 639 0 639 0 621
640 324 238 349 282 261 412 229 364 * 479 620 479 639 165 639 165 620
647 303 280 304 300 244 308 242 284 * 639 464 639 479 87 479 87 464
654 253 284 253 304 183 307 183 287 * 0 0 0 0 0 0 0 0
662 333 306 329 343 205 309 207 273 * 420 603 420 639 189 639 189 603
666 357 369 319 407 273 240 303 201 * 353 606 353 639 0 639 0 606
667 529 10 533 148 128 210 124 70 * 639 469 639 479 10 479 10 469
671 1505 1484 1522 1691 925 1869 908 1651 * 1900 3226 1900 3263 0 3263 0 3226
689 1153 1106 1167 1342 672 1500 659 1253 * 0 0 0 0 0 0 0 0
691 1594 1061 1530 1358 618 1970 599 1673 * 0 0 0 0 0 0 0 0
693 1418 1130 1418 1281 916 1381 916 1220 * 0 0 0 0 0 0 0 0
702 1685 1767 1685 1974 697 1883 688 1685 * 1719 3181 1719 3263 0 3263 0 3181
704 1602 1500 1624 1737 866 1911 844 1659 * 0 0 0 0 0 0 0 0
705 1248 1549 1261 1684 820 1707 811 1575 * 0 0 0 0 0 0 0 0
709 1296 1234 1303 1352 897 1393 889 1273 * 0 0 0 0 0 0 0 0
710 1479 1294 1492 1525 1034 1706 1017 1464 * 1783 3248 1783 3263 0 3263 0 3248
722 1233 1199 1337 1331 982 1649 862 1514 * 0 0 0 0 0 0 0 0
726 1432 1158 1451 1493 733 1703 707 1358 * 2409 3019 2409 3263 0 3263 0 3019
737 1306 907 1318 1080 902 1175 886 998 * 2127 3217 2127 3263 0 3263 0 3217
740 904 1394 908 1530 492 1490 485 1358 * 0 0 0 0 0 0 0 0
755 1248 1077 1337 1205 862 1398 768 1251 * 1748 3180 1748 3263 0 3263 0 3180
760 1370 1110 1359 1226 942 1222 957 1104 * 1940 3235 1940 3263 0 3263 0 3235
761 1276 1389 1361 1588 1009 1735 927 1517 * 2447 3252 2447 3263 463 3263 463 3252
774 1805 1456 1817 1695 850 1936 820 1692 * 2447 3125 2447 3263 0 3263 0 3125
775 1978 1068 1986 1280 1098 1298 1089 1086 * 1743 2218 1743 2447 0 2447 0 2218
777 1923 1533 1923 1799 860 1755 850 1496 * 2447 3089 2447 3263 0 3263 0 3089
779 1875 1627 1814 1811 657 1921 639 1728 * 1518 3218 1518 3263 0 3263 0 3218
780 1475 489 1477 545 1280 575 1278 518 * 0 0 0 0 0 0 0 0
783 1018 896 1018 942 847 933 853 887 * 0 0 0 0 0 0 0 0
785 2807 1130 2598 1419 2035 791 2142 546 * 0 0 0 0 0 0 0 0
787 2431 1281 2297 1525 1766 1122 1868 938 * 2738 2359 2738 2447 0 2447 0 2359
790 2013 1548 1909 1728 1517 1196 1572 1049 * 2447 3078 2447 3263 0 3263 0 3078
791 1868 942 1840 1244 722 1134 718 828 * 2154 2358 2154 2447 0 2447 0 2358
794 1355 1487 1355 1685 881 1603 881 1414 * 2447 2964 2447 3263 0 3263 0 2964
795 1450 1358 1456 1468 1202 1667 1193 1533 * 1675 3247 1675 3263 0 3263 0 3247
797 1962 885 1933 1007 1383 1175 1387 1052 * 1268 2409 1268 2447 0 2447 0 2409
798 1444 498 1444 544 1318 544 1318 498 * 1259 3031 1259 3263 649 3263 649 3031
800 1634 1998 1380 2108 731 1123 908 927 * 1360 3255 1360 3263 0 3263 0 3255
801 1588 1429 1594 1600 988 1924 957 1735 * 2447 3241 2447 3263 0 3263 0 3241
802 2076 1101 1917 1321 1607 909 1721 734 * 2071 2380 2071 2447 0 2447 0 2380
805 1956 863 1940 1076 1084 1191 1101 969 * 2320 933 2320 1949 0 1949 0 933
806 1502 1245 1502 1358 1119 1367 1119 1254 * 2447 3197 2447 3263 0 3263 0 3197
809 1028 950 1048 1093 452 1432 416 1281 * 1437 2408 1437 2447 0 2447 0 2408
813 1401 1373 1401 1511 875 1533 865 1383 * 1643 3148 1643 3263 0 3263 0 3148
814 1618 921 1618 1006 1404 1104 1395 1006 * 0 0 0 0 0 0 0 0
823 1879 861 1884 1053 1532 1043 1532 861 * 3393 2861 3393 3023 0 3023 0 2861
825 1991 1287 1947 1836 714 1572 759 1038 * 4031 2760 4031 3023 0 3023 0 2760
834 3340 1307 3354 1742 1898 2032 1898 1578 * 4031 2906 4031 3023 0 3023 0 2906
835 2761 1243 2776 1852 1151 2306 1136 1658 * 4031 2854 4031 3023 0 3023 0 2854
838 2083 1378 2083 1698 1119 1506 1119 1199 * 0 0 0 0 0 0 0 0
846 2526 659 2526 1136 1023 1443 1009 944 * 4031 2709 4031 3023 0 3023 0 2709
853 2315 806 2315 1319 784 1675 784 1133 * 4031 3009 4031 3023 0 3023 0 3009
856 2585 1274 2570 1932 945 2444 945 1748 * 4031 2503 4031 3023 0 3023 0 2503
863 2172 468 2157 876 1345 1229 1365 776 * 3978 2683 3978 3023 18 3023 18 2683
864 2081 1950 2076 2182 1310 1809 1290 1577 * 0 0 0 0 0 0 0 0
865 1799 887 2005 1446 932 1925 720 1325 * 4031 2495 4031 3023 0 3023 0 2495
879 1860 615 1860 892 813 902 813 629 * 2168 1427 2168 1455 0 1455 0 1427
881 1846 406 1846 584 1363 693 1363 506 * 1935 1404 1935 1455 164 1455 164 1404
884 1818 476 1818 806 652 929 641 589 * 2591 1409 2591 1455 0 1455 0 1409
885 1564 485 1546 636 932 638 950 488 * 2461 1342 2461 1455 0 1455 0 1342
888 1528 565 1510 725 859 682 884 524 * 2025 1293 2025 1455 0 1455 0 1293
891 1597 744 1587 955 604 1010 623 796 * 1383 1155 1383 1455 0 1455 0 1155
894 1691 495 1652 657 1017 696 1043 502 * 2281 1200 2281 1455 221 1455 221 1200
896 1353 572 1348 739 893 655 893 494 * 2591 1300 2591 1455 1305 1455 1305 1300
898 1823 622 1814 829 944 869 952 661 * 2307 1366 2307 1455 0 1455 0 1366
899 1841 136 1853 381 1199 559 1187 302 * 2591 1400 2591 1455 0 1455 0 1400
903 1155 331 1155 530 603 395 598 208 * 2591 1406 2591 1455 494 1455 494 1406
910 1721 559 1703 769 1087 794 1105 580 * 2278 1340 2278 1455 223 1455 223 1340
912 1877 351 1842 572 1172 533 1207 316 * 2371 1290 2371 1455 0 1455 0 1290
916 1756 547 1746 761 1218 871 1218 612 * 2517 1382 2517 1455 0 1455 0 1382
917 1710 604 1695 825 870 979 878 740 * 2591 1393 2591 1455 0 1455 0 1393
919 1456 562 1467 851 325 874 314 593 * 2591 1371 2591 1455 0 1455 0 1371
920 1467 585 1478 763 899 811 883 634 * 2317 1428 2317 1455 0 1455 0 1428
921 2320 561 2328 850 1476 1008 1468 707 * 2591 1404 2591 1455 0 1455 0 1404
922 1681 614 1674 798 973 683 980 508 * 2591 1429 2591 1455 0 1455 0 1429
925 1434 698 1423 873 840 980 851 797 * 1363 1352 1363 1455 0 1455 0 1352
930 1609 369 1591 583 688 702 716 481 * 2291 1129 2291 1455 0 1455 0 1129
933 1656 385 1656 648 852 852 844 572 * 2591 1447 2591 1455 0 1455 0 1447
935 1662 628 1649 774 1121 975 1117 790 * 2591 1410 2591 1455 1390 1455 1390 1410
939 1749 520 1756 730 970 800 962 590 * 2544 1343 2544 1455 0 1455 0 1343
941 2112 551 2092 846 1036 888 1056 590 * 2591 846 2591 1455 0 1455 0 846
945 1546 596 1564 754 944 754 920 601 * 2269 1445 2269 1455 121 1455 121 1445
946 1564 473 1516 638 771 690 784 489 * 1823 737 1823 1455 0 1455 0 737
950 2180 464 2180 757 1224 958 1224 646 * 2591 1371 2591 1455 0 1455 0 1371
955 1607 460 1590 648 1043 748 1059 508 * 1437 1412 1437 1455 0 1455 0 1412
956 2068 344 2068 649 1299 855 1299 531 * 2591 1167 2591 1455 0 1455 0 1167
959 1080 523 1076 752 512 630 512 413 * 2591 1249 2591 1455 374 1455 374 1249
960 1452 625 1452 886 754 704 748 454 * 2591 1410 2591 1455 411 1455 411 1410
962 1989 535 1996 737 1302 864 1296 653 * 2591 641 2591 1292 515 1292 515 641
967 1560 467 1534 665 827 674 853 473 * 2446 1190 2446 1455 0 1455 0 1190
968 1146 654 1156 810 673 667 648 518 * 2591 1430 2591 1455 508 1455 508 1430
969 1600 460 1589 610 1034 697 1045 539 * 1676 439 1676 982 0 982 0 439
972 1699 292 1699 542 948 751 955 479 * 2591 1172 2591 1455 0 1455 0 1172
974 1522 320 1522 576 957 751 957 481 * 2591 1143 2591 1455 0 1455 0 1143
976 1964 60 1957 305 1316 491 1316 226 * 2591 1187 2591 1455 0 1455 0 1187
977 1721 439 1737 706 941 858 925 582 * 2591 782 2591 1455 0 1455 0 782
979 2146 1115 2135 1194 1914 1172 1925 1088 * 0 0 0 0 0 0 0 0
980 2771 905 2765 995 2436 979 2445 890 * 2422 2259 2422 2367 1206 2367 1206 2259
981 1946 1149 1948 1224 1760 1239 1758 1164 * 0 0 0 0 0 0 0 0
982 2109 1118 2109 1174 1935 1157 1937 1103 * 0 0 0 0 0 0 0 0
983 810 1062 852 1194 494 1499 426 1341 * 3009 2122 3009 2367 822 2367 822 2122
984 2345 1164 2293 1285 2035 1016 2067 895 * 2439 1848 2439 2367 1193 2367 1193 1848
985 1877 1088 1898 1225 1714 1478 1693 1336 * 3189 2238 3189 2367 910 2367 910 2238
987 2025 1112 2021 1170 1821 1146 1825 1091 * 0 0 0 0 0 0 0 0
989 1843 1151 1841 1209 1641 1192 1645 1136 * 0 0 0 0 0 0 0 0
990 2177 1075 2174 1141 1989 1109 1992 1046 * 2415 2333 2415 2367 1967 2367 1967 2333
992 1179 1619 1182 1673 999 1678 996 1623 * 958 3859 958 4096 436 4096 436 3859
995 2288 1199 2224 1362 1972 1052 2030 920 * 2573 1996 2573 2367 1296 2367 1296 1996
997 1620 1073 1641 1141 1483 1215 1462 1130 * 0 0 0 0 0 0 0 0
998 2125 1267 2093 1414 1814 1288 1851 1151 * 2300 2131 2300 2367 809 2367 809 2131
1000 946 1241 952 1262 831 1278 825 1246 * 0 0 0 0 0 0 0 0
1003 2067 415 2072 499 1777 489 1772 405 * 2638 2128 2638 2367 640 2367 640 2128
1004 745 1316 751 1376 566 1375 560 1318 * 2367 4036 2367 4207 638 4207 638 4036
1005 894 1230 894 1315 620 1325 620 1236 * 0 0 0 0 0 0 0 0
1006 1925 2214 1925 2272 1756 2272 1756 2214 * 0 0 0 0 0 0 0 0
1007 1157 967 1172 1088 978 1246 967 1104 * 2538 2224 2538 2367 1452 2367 1452 2224
1010 2414 1330 2340 1572 1635 1109 1693 931 * 4207 2256 4207 2367 1281 2367 1281 2256
1011 2156 1067 2156 1130 1993 1125 1998 1067 * 0 0 0 0 0 0 0 0
1012 2303 1446 2293 1599 1967 1541 1977 1393 * 3575 2350 3575 2367 942 2367 942 2350
1013 1116 1811 1114 1870 963 1903 965 1841 * 2319 4151 2319 4207 898 4207 898 4151
1014 2251 1404 2251 1493 2051 1467 2056 1383 * 0 0 0 0 0 0 0 0
1015 2140 1162 2072 1351 1720 1157 1762 994 * 3287 2281 3287 2367 1409 2367 1409 2281
1016 2051 1393 1977 1609 1756 1293 1809 1130 * 2376 2312 2376 2367 951 2367 951 2312
1018 915 1162 915 1246 757 1251 752 1172 * 0 0 0 0 0 0 0 0
1019 2046 1251 2051 1320 1841 1320 1841 1251 * 0 0 0 0 0 0 0 0
1020 2103 1161 2101 1231 1874 1209 1878 1141 * 0 0 0 0 0 0 0 0
1023 2246 1262 2246 1315 2093 1309 2098 1262 * 0 0 0 0 0 0 0 0
1024 1772 862 1772 894 1693 888 1693 862 * 0 0 0 0 0 0 0 0
1025 2314 973 2293 1199 1683 1819 1683 1578 * 3243 2190 3243 2367 0 2367 0 2190
1026 836 1309 836 1388 562 1388 562 1315 * 2732 2205 2732 2367 1406 2367 1406 2205
1027 2119 1136 2119 1215 1872 1188 1893 1115 * 0 0 0 0 0 0 0 0
1028 852 1251 894 1404 557 1772 499 1599 * 3356 2353 3356 2367 2274 2367 2274 2353
1029 2661 1362 2656 1414 2503 1393 2503 1351 * 0 0 0 0 0 0 0 0
1031 2214 994 2193 1151 1935 1346 1951 1188 * 4016 2182 4016 2367 1627 2367 1627 2182
1032 1867 1383 1862 1441 1677 1435 1677 1372 * 0 0 0 0 0 0 0 0
1034 2735 878 2708 1115 1925 1525 1919 1283 * 0 0 0 0 0 0 0 0
1035 3278 1306 3310 1637 1688 1637 1656 1306 * 0 0 0 0 0 0 0 0
1036 2805 1325 2788 1856 1089 1507 1106 1009 * 2850 2989 2850 3119 0 3119 0 2989
1038 2940 1157 2935 1472 1841 2009 1772 1688 * 0 0 0 0 0 0 0 0
1041 3148 993 3175 1329 2257 1587 2230 1234 * 4207 3013 4207 3119 0 3119 0 3013
1042 3077 899 3092 1246 1909 1667 1835 1283 * 0 0 0 0 0 0 0 0
1043 3043 1094 3033 1428 1920 1698 1920 1338 * 0 0 0 0 0 0 0 0
1044 2891 1548 2891 1809 1717 1712 1717 1463 * 0 0 0 0 0 0 0 0
1045 2960 1450 2987 1804 1509 1703 1469 1366 * 0 0 0 0 0 0 0 0
1047 2966 399 3008 862 1804 1630 1630 1036 * 4207 2239 4207 3119 0 3119 0 2239
1053 3140 1499 3082 1788 1693 2251 1662 1961 * 0 0 0 0 0 0 0 0
1055 3197 987 3228 1397 1558 1593 1526 1178 * 4207 2798 4207 3119 0 3119 0 2798
1057 3224 1378 3161 1783 1777 1357 1751 994 * 0 0 0 0 0 0 0 0
1060 2944 1099 2963 1380 1963 1574 1934 1285 * 0 0 0 0 0 0 0 0
1061 2835 1046 2835 1330 1693 1688 1646 1414 * 0 0 0 0 0 0 0 0
1062 3144 1121 3179 1500 1968 1761 1933 1369 * 0 0 0 0 0 0 0 0
1063 2687 1309 2661 1625 1572 1257 1514 952 * 0 0 0 0 0 0 0 0
1064 2902 1729 2888 2077 1325 1818 1340 1493 * 0 0 0 0 0 0 0 0
1065 3355 750 3400 1327 1082 1455 1037 878 * 4207 2866 4207 3119 0 3119 0 2866
1066 3224 1435 3208 1714 2261 2430 2209 2151 * 0 0 0 0 0 0 0 0
1067 3455 1788 3419 2035 2519 2619 2524 2340 * 4207 2696 4207 3119 0 3119 0 2696
1068 2693 1930 2666 2214 1435 1504 1414 1220 * 0 0 0 0 0 0 0 0
1069 2577 1625 2566 1883 1435 1662 1404 1420 * 0 0 0 0 0 0 0 0
1070 3003 625 3092 1172 1425 1967 1204 1341 * 4207 3055 4207 3119 0 3119 0 3055
1071 3424 898 3424 1382 1751 1663 1751 1153 * 4207 3097 4207 3119 0 3119 0 3097
1074 3182 842 3197 1274 1634 1533 1634 1084 * 4207 3043 4207 3119 0 3119 0 3043
1075 2856 683 2914 1115 1509 1641 1388 1120 * 3864 3085 3864 3119 0 3119 0 3085
1076 2977 878 2945 1188 1988 1683 1956 1351 * 0 0 0 0 0 0 0 0
1077 2740 1713 2717 2124 1402 1816 1425 1423 * 4079 3079 4079 3119 115 3119 115 3079
1080 2923 1499 2933 1835 1824 2099 1804 1740 * 0 0 0 0 0 0 0 0
1081 2850 1614 2777 1993 1635 1567 1677 1267 * 0 0 0 0 0 0 0 0
1082 3110 1088 3110 1467 1900 1801 1900 1389 * 0 0 0 0 0 0 0 0
1085 3126 1571 3096 2062 1523 1671 1552 1205 * 4207 2947 4207 3119 0 3119 0 2947
1087 3196 1484 3213 1804 1517 1697 1500 1394 * 0 0 0 0 0 0 0 0
1088 2975 1330 2996 1683 1912 1944 1881 1578 * 0 0 0 0 0 0 0 0
1089 3429 869 3458 1364 1950 1703 1921 1190 * 4007 3076 4007 3119 0 3119 0 3076
1090 3127 1186 3153 1533 1798 1775 1759 1408 * 0 0 0 0 0 0 0 0
1097 2412 1816 2412 2045 1483 2215 1483 1971 * 0 0 0 0 0 0 0 0
1099 2147 1950 2165 2135 1239 2260 1221 2066 * 0 0 0 0 0 0 0 0
1101 1972 1566 1958 1838 1235 1610 1249 1352 * 3263 2379 3263 2447 0 2447 0 2379
1113 2244 1796 2253 1999 1310 2136 1301 1920 * 0 0 0 0 0 0 0 0
1117 2149 1812 2167 2027 1230 2171 1221 1945 * 0 0 0 0 0 0 0 0
1121 2070 1845 2079 2063 1159 2204 1142 1978 * 0 0 0 0 0 0 0 0
1141 1750 1200 1743 1433 1052 1278 1052 1059 * 0 0 0 0 0 0 0 0
1155 1340 893 1342 940 1175 948 1173 901 * 1389 1851 1389 1935 939 1935 939 1851
1165 1562 766 1587 1048 754 1243 737 951 * 2219 1904 2219 1935 0 1935 0 1904
1166 581 869 593 967 253 1009 238 910 * 0 0 0 0 0 0 0 0
1168 1978 865 1985 1104 1253 1260 1247 1011 * 0 0 0 0 0 0 0 0
1181 1459 972 1452 1211 802 1065 808 839 * 0 0 0 0 0 0 0 0
1182 1456 527 1460 597 1227 601 1222 533 * 732 1840 732 1935 173 1935 173 1840
1191 1731 1095 1738 1240 1352 1329 1344 1177 * 0 0 0 0 0 0 0 0
1199 559 262 561 357 334 424 332 323 * 767 983 767 1023 213 1023 213 983
1207 477 307 478 338 390 356 390 323 * 0 0 0 0 0 0 0 0
1220 468 503 462 531 385 520 391 493 * 0 0 0 0 0 0 0 0
1221 422 245 409 337 211 257 210 176 * 767 1014 767 1023 0 1023 0 1014
1224 1322 535 1294 726 779 1014 772 816 * 1839 2366 1839 3263 11 3263 11 2366
1234 1085 473 1232 714 616 918 465 726 * 2634 1800 2634 1839 97 1839 97 1800
1238 713 1143 724 1209 494 1244 482 1173 * 767 3255 767 3263 0 3263 0 3255
1240 933 1729 933 1787 717 1796 722 1727 * 0 0 0 0 0 0 0 0
1244 754 499 690 706 501 510 549 328 * 1021 3142 1021 3263 0 3263 0 3142
1246 1193 397 1193 492 900 493 897 399 * 1588 3096 1588 3263 429 3263 429 3096
1248 1386 1586 1258 1733 942 1158 1014 990 * 1574 2750 1574 3263 0 3263 0 2750
1259 754 1180 814 1330 508 2208 386 2096 * 0 0 0 0 0 0 0 0
1261 982 1364 961 1652 593 1580 602 1314 * 1592 3149 1592 3263 0 3263 0 3149
1263 1053 920 1067 1032 779 1200 752 1076 * 1839 3241 1839 3263 0 3263 0 3241
1267 729 1221 717 1294 554 1281 561 1207 * 0 0 0 0 0 0 0 0
1273 2335 1760 2366 2086 1164 2435 1113 2097 * 0 0 0 0 0 0 0 0
1274 1625 2550 1567 2764 582 2256 585 2050 * 2664 3782 2664 4191 185 4191 185 3782
1276 1792 2106 1788 2362 601 2797 512 2541 * 0 0 0 0 0 0 0 0
1280 1802 2253 1789 2593 462 2370 462 2046 * 0 0 0 0 0 0 0 0
1281 2240 1407 2269 1778 1238 2059 1200 1670 * 0 0 0 0 0 0 0 0
1286 2710 1425 2728 1874 611 2018 574 1560 * 0 0 0 0 0 0 0 0
1287 2311 2034 2281 2302 1258 2143 1287 1887 * 0 0 0 0 0 0 0 0
1288 1877 2303 1827 2497 857 2167 853 1965 * 0 0 0 0 0 0 0 0
1293 2164 1628 2175 1861 950 1752 939 1531 * 3103 3978 3103 4191 0 4191 0 3978
1294 2607 2169 2494 2421 1392 1920 1416 1672 * 0 0 0 0 0 0 0 0
1295 2151 1683 2194 2093 705 2281 648 1865 * 0 0 0 0 0 0 0 0
1298 1727 2108 1702 2454 437 2214 450 1884 * 0 0 0 0 0 0 0 0
1299 2203 1462 2242 1711 1625 2021 1586 1742 * 3103 3949 3103 4191 914 4191 914 3949
1302 2362 830 2370 1098 1610 1489 1555 1218 * 0 0 0 0 0 0 0 0
1303 2322 1840 2335 2161 850 2310 824 1980 * 3103 4050 3103 4191 0 4191 0 4050
1305 1986 1602 1955 1862 966 2393 904 2137 * 3103 3899 3103 4191 282 4191 282 3899
1307 2048 1978 2033 2149 1439 2390 1431 2192 * 0 0 0 0 0 0 0 0
1310 1633 2176 1559 2397 453 1947 411 1687 * 0 0 0 0 0 0 0 0
1313 2123 1837 2156 2292 481 2615 431 2143 * 0 0 0 0 0 0 0 0
1336 442 485 408 545 262 423 283 373 * 350 1004 350 1023 0 1023 0 1004
1339 492 394 489 469 204 410 207 339 * 0 0 0 0 0 0 0 0
1341 508 175 506 274 248 222 248 128 * 767 1015 767 1023 0 1023 0 1015
1342 559 529 544 609 235 524 231 449 * 0 0 0 0 0 0 0 0
1364 2240 1651 2276 2019 211 2031 175 1662 * 2447 3195 2447 3263 0 3263 0 3195
1365 1994 1181 2044 1440 704 1567 654 1304 * 2447 2988 2447 3263 0 3263 0 2988
1367 2142 1186 2134 1416 1232 1233 1232 1014 * 0 0 0 0 0 0 0 0
1370 1649 1025 1612 1202 792 1493 786 1315 * 1761 3254 1761 3263 0 3263 0 3254
1371 2031 919 2031 1236 541 1201 527 890 * 2447 2984 2447 3263 0 3263 0 2984
1372 2264 1281 2158 1534 913 1713 873 1411 * 1490 2092 1490 2447 0 2447 0 2092
1373 2721 1321 2598 1709 820 1721 648 1362 * 3263 2384 3263 2447 0 2447 0 2384
1374 1885 1243 1895 1439 829 1495 808 1295 * 0 0 0 0 0 0 0 0
1375 1566 820 1618 1061 991 1842 875 1661 * 0 0 0 0 0 0 0 0
1376 1637 1367 1597 1542 976 1113 994 924 * 0 0 0 0 0 0 0 0
1377 2009 906 2053 1150 818 1135 763 898 * 3263 2404 3263 2447 0 2447 0 2404
1378 2012 1381 1999 1662 614 1442 627 1178 * 0 0 0 0 0 0 0 0
1380 1713 1545 1649 1728 660 1563 612 1361 * 0 0 0 0 0 0 0 0
1382 1690 1366 1708 1548 773 1521 756 1345 * 2047 3245 2047 3263 0 3263 0 3245
1383 1963 1122 1963 1344 717 1267 717 1048 * 1819 3119 1819 3263 0 3263 0 3119
1386 1903 817 1903 1080 859 1429 755 1227 * 2447 3080 2447 3263 0 3263 0 3080
1387 1637 1364 1594 1563 780 1291 752 1083 * 0 0 0 0 0 0 0 0
1389 2388 941 2378 1222 1245 1234 1255 950 * 3160 2412 3160 2447 0 2447 0 2412
1390 1658 1564 1658 1731 733 1665 724 1504 * 2073 3080 2073 3263 0 3263 0 3080
1392 1910 1690 1919 1901 867 1864 857 1657 * 0 0 0 0 0 0 0 0
1394 2294 1115 2283 1326 1208 1289 1218 1085 * 3263 2436 3263 2447 0 2447 0 2436
1395 1946 1355 1881 1493 758 1477 709 1337 * 0 0 0 0 0 0 0 0
1396 2452 1166 2362 1415 922 1432 803 1179 * 3263 2363 3263 2447 0 2447 0 2363
1400 2173 899 2217 1121 1005 1221 938 996 * 3263 1691 3263 2447 167 2447 167 1691
1402 1472 1462 1463 1591 1020 1594 1028 1466 * 2387 3240 2387 3263 0 3263 0 3240
1403 2091 1467 2078 1917 715 1567 715 1145 * 0 0 0 0 0 0 0 0
1404 1508 1341 1513 1458 1077 1454 1073 1341 * 0 0 0 0 0 0 0 0
1405 2304 1184 2337 1421 1147 1498 1102 1262 * 0 0 0 0 0 0 0 0
1406 1853 997 1871 1333 908 1593 899 1241 * 0 0 0 0 0 0 0 0
1407 1958 1487 1947 1828 724 1614 735 1288 * 2447 3239 2447 3263 0 3263 0 3239
1409 1765 1224 1731 1370 914 1190 881 1037 * 2447 2773 2447 3263 0 3263 0 2773
1411 1582 1468 1563 1686 948 2013 936 1802 * 0 0 0 0 0 0 0 0
1417 1040 1036 1036 1204 652 1096 652 936 * 0 0 0 0 0 0 0 0
1419 1272 535 1264 691 667 696 655 542 * 1919 1042 1919 1079 0 1079 0 1042
1421 2071 1056 2074 1152 1718 1173 1711 1078 * 0 0 0 0 0 0 0 0
1424 1390 298 1412 512 627 536 605 328 * 1919 1001 1919 1079 18 1079 18 1001
1426 1288 498 1298 636 757 649 747 513 * 1536 997 1536 1079 0 1079 0 997
1428 1207 530 1207 673 647 664 647 524 * 1160 996 1160 1079 0 1079 0 996
1433 1318 1641 1332 1910 607 2090 587 1808 * 1570 3122 1570 3263 0 3263 0 3122
1438 1351 443 1345 607 666 614 666 450 * 1919 1009 1919 1079 0 1079 0 1009
1442 1837 1085 1830 1193 1410 1152 1417 1048 * 2880 2392 2880 2447 767 2447 767 2392
1447 1344 456 1350 619 660 606 654 446 * 0 0 0 0 0 0 0 0
1454 1209 477 1214 578 756 573 751 475 * 0 0 0 0 0 0 0 0
1455 1223 465 1223 596 675 609 675 478 * 1919 1071 1919 1079 0 1079 0 1071
1461 1317 365 1323 541 671 547 658 375 * 1697 882 1697 1079 0 1079 0 882
1478 1283 493 1283 678 603 692 603 511 * 1919 821 1919 1079 0 1079 0 821
1479 1268 515 1274 670 680 664 668 513 * 1636 1063 1636 1079 0 1079 0 1063
1481 1236 561 1236 699 665 686 659 552 * 0 0 0 0 0 0 0 0
1486 1310 512 1305 668 631 660 637 506 * 1919 1037 1919 1079 0 1079 0 1037
1489 1217 570 1217 695 680 668 680 549 * 1919 981 1919 1079 0 1079 0 981
1492 1282 991 1282 1132 843 1068 843 933 * 0 0 0 0 0 0 0 0
1495 1178 525 1178 632 743 632 743 526 * 0 0 0 0 0 0 0 0
1496 1261 561 1267 697 647 699 641 566 * 0 0 0 0 0 0 0 0
1503 1833 856 1822 985 1409 927 1417 804 * 2547 2322 2547 2447 684 2447 684 2322
1506 1307 484 1324 622 763 617 752 482 * 0 0 0 0 0 0 0 0
1507 1241 507 1241 651 688 634 688 496 * 1919 966 1919 1079 0 1079 0 966
1511 1248 566 1248 689 716 678 711 557 * 1685 954 1685 1079 0 1079 0 954
1519 1278 425 1290 583 696 588 690 432 * 1919 978 1919 1079 0 1079 0 978
1524 1346 503 1353 656 706 643 700 495 * 1819 1031 1819 1079 0 1079 0 1031
1526 1276 452 1282 588 691 584 685 450 * 1919 1064 1919 1079 3 1079 3 1064
1527 1233 527 1233 676 659 670 654 523 * 1827 947 1827 1079 222 1079 222 947
1532 1175 456 1179 579 702 577 698 456 * 1779 953 1779 1079 118 1079 118 953
1533 1298 448 1298 619 658 617 658 451 * 1919 986 1919 1079 0 1079 0 986
1537 1368 513 1376 701 609 692 602 511 * 1919 1062 1919 1079 0 1079 0 1062
1542 1330 452 1336 606 734 610 728 459 * 1919 1061 1919 1079 0 1079 0 1061
1551 1370 971 1354 1122 926 1020 934 877 * 0 0 0 0 0 0 0 0
1556 1295 574 1300 701 736 690 731 567 * 0 0 0 0 0 0 0 0
1564 1165 505 1175 628 672 634 658 513 * 1426 862 1426 1079 395 1079 395 862
1568 1228 538 1228 676 675 678 670 542 * 1901 1060 1901 1079 0 1079 0 1060
1570 1116 542 1121 653 662 650 653 540 * 1418 694 1418 932 0 932 0 694
1574 1212 462 1228 582 685 597 664 478 * 1590 1050 1590 1079 0 1079 0 1050
1575 1327 483 1321 641 707 632 707 477 * 1859 1007 1859 1079 0 1079 0 1007
1582 1356 462 1350 623 739 628 745 470 * 1919 1051 1919 1079 0 1079 0 1051
1585 1348 524 1348 679 715 666 715 513 * 1697 1030 1697 1079 0 1079 0 1030
1588 1226 472 1221 633 585 621 585 458 * 1915 1066 1915 1079 0 1079 0 1066
1617 259 114 260 169 79 171 80 117 * 0 0 0 0 0 0 0 0
1633 267 85 271 141 49 149 45 93 * 259 205 259 239 0 239 0 205
1636 710 1135 706 1190 517 1215 518 1157 * 754 1591 754 1599 0 1599 0 1591
1638 327 258 329 290 167 287 165 255 * 0 0 0 0 0 0 0 0
1719 278 150 285 210 79 210 87 151 * 0 0 0 0 0 0 0 0
1752 344 166 344 208 170 206 170 163 * 291 338 291 383 0 383 0 338
1753 460 42 461 186 2 186 2 42 * 0 0 0 0 0 0 0 0
1769 189 146 190 168 76 159 73 138 * 0 0 0 0 0 0 0 0
1828 234 60 237 122 68 155 65 91 * 0 0 0 0 0 0 0 0
1867 514 315 514 341 448 348 448 322 * 384 373 384 443 251 443 251 373
1910 278 156 275 187 150 179 153 149 * 0 0 0 0 0 0 0 0
1917 582 181 565 291 16 261 4 158 * 599 467 599 499 0 499 0 467
1920 256 101 254 159 47 171 40 111 * 0 0 0 0 0 0 0 0
1927 353 384 351 410 268 403 268 377 * 0 0 0 0 0 0 0 0
1933 495 219 492 307 138 323 141 235 * 599 329 599 449 0 449 0 329
1971 148 232 158 277 84 428 70 381 * 499 654 499 666 0 666 0 654
1982 375 83 376 134 215 139 213 90 * 228 220 228 239 39 239 39 220
2005 319 125 307 195 185 172 195 126 * 0 0 0 0 0 0 0 0
2010 554 152 554 277 100 276 104 152 * 649 450 649 486 0 486 0 450
2021 923 684 918 801 425 763 435 651 * 1197 1092 1197 1112 0 1112 0 1092
2028 356 109 353 195 51 193 53 108 * 0 0 0 0 0 0 0 0
2045 240 372 239 395 160 390 160 368 * 227 734 227 799 0 799 0 734
2080 249 127 248 163 131 160 132 124 * 0 0 0 0 0 0 0 0
2100 186 87 187 126 32 125 30 86 * 0 0 0 0 0 0 0 0
2104 483 167 466 337 40 255 75 145 * 0 0 0 0 0 0 0 0
2105 205 102 203 152 9 177 0 123 * 121 217 121 239 0 239 0 217
2110 215 95 219 148 24 146 30 94 * 0 0 0 0 0 0 0 0
2121 237 178 237 212 124 215 124 182 * 0 0 0 0 0 0 0 0
2135 612 361 621 514 42 530 32 377 * 639 704 639 863 0 863 0 704
2140 864 506 865 538 782 570 782 532 * 0 0 0 0 0 0 0 0
2151 360 39 357 143 45 203 51 94 * 0 0 0 0 0 0 0 0
2158 205 188 193 236 18 172 48 122 * 0 0 0 0 0 0 0 0
2180 547 614 547 660 406 647 406 603 * 0 0 0 0 0 0 0 0
2195 477 286 477 396 38 421 34 310 * 386 626 386 665 0 665 0 626
2205 345 119 342 157 206 152 210 121 * 455 221 455 239 283 239 283 221
2213 314 72 319 165 43 206 35 110 * 0 0 0 0 0 0 0 0
2233 285 29 279 96 26 99 31 31 * 0 0 0 0 0 0 0 0
2235 1177 870 1177 952 907 957 907 876 * 0 0 0 0 0 0 0 0
2236 254 98 254 157 41 157 43 99 * 297 231 297 239 0 239 0 231
2241 383 76 358 160 36 170 7 79 * 425 220 425 239 357 239 357 220
2261 389 87 392 137 228 142 225 93 * 0 0 0 0 0 0 0 0
2289 403 140 397 233 79 183 82 95 * 359 254 359 278 267 278 267 254
2334 328 171 330 231 74 228 82 167 * 0 0 0 0 0 0 0 0
2336 388 194 386 211 334 231 334 211 * 0 0 0 0 0 0 0 0
2350 460 43 460 184 6 184 6 44 * 0 0 0 0 0 0 0 0
2384 245 82 247 139 26 160 22 102 * 0 0 0 0 0 0 0 0
2447 190 274 191 293 139 286 138 270 * 0 0 0 0 0 0 0 0
2494 396 61 384 149 30 207 20 94 * 137 182 137 218 68 218 68 182
2512 192 239 191 270 115 255 116 225 * 0 0 0 0 0 0 0 0
2519 1825 511 1868 898 365 892 322 516 * 2047 1417 2047 1535 0 1535 0 1417
2528 234 161 236 189 132 190 130 163 * 0 0 0 0 0 0 0 0
2536 312 600 311 635 130 631 127 597 * 374 764 374 799 0 799 0 764
2550 390 94 390 204 7 200 7 91 * 0 0 0 0 0 0 0 0
2589 358 163 359 236 111 238 114 165 * 498 319 498 332 0 332 0 319
2592 780 289 778 422 244 434 237 303 * 1055 672 1055 791 0 791 0 672
2610 1790 301 1804 792 157 808 143 322 * 1576 1058 1576 1079 0 1079 0 1058
2620 255 10 250 79 28 77 23 11 * 227 73 227 88 85 88 85 73
2625 1125 550 1131 744 403 786 396 592 * 1599 1182 1599 1199 0 1199 0 1182
2630 612 186 628 312 279 481 236 331 * 799 538 799 599 0 599 0 538
2631 440 218 425 301 81 303 69 216 * 0 0 0 0 0 0 0 0
2637 293 249 291 292 125 269 125 229 * 0 0 0 0 0 0 0 0
2653 1415 734 1418 1026 407 998 396 709 * 2047 1489 2047 1535 0 1535 0 1489
2655 296 69 295 106 172 108 173 70 * 183 194 183 215 0 215 0 194
2673 489 184 489 306 20 275 16 158 * 518 446 518 461 0 461 0 446
2677 137 50 135 78 56 81 57 51 * 0 0 0 0 0 0 0 0
2688 1200 522 1184 790 204 782 212 517 * 1279 873 1279 959 0 959 0 873
2703 991 497 991 694 406 843 406 634 * 0 0 0 0 0 0 0 0
2725 296 68 298 105 172 108 170 70 * 0 0 0 0 0 0 0 0
2736 301 215 302 233 240 232 239 214 * 0 0 0 0 0 0 0 0
2737 363 141 367 186 223 219 221 172 * 0 0 0 0 0 0 0 0
2740 238 251 237 270 176 269 178 253 * 0 0 0 0 0 0 0 0
2755 496 44 497 201 5 202 5 46 * 0 0 0 0 0 0 0 0
2757 474 78 474 210 12 207 12 77 * 0 0 0 0 0 0 0 0
2758 393 221 396 292 130 284 127 215 * 599 406 599 449 0 449 0 406
2763 438 382 439 402 359 402 359 381 * 0 0 0 0 0 0 0 0
2764 374 148 369 222 108 228 101 153 * 290 271 290 299 45 299 45 271
2766 312 401 315 425 279 447 277 421 * 342 655 342 674 0 674 0 655
2771 756 555 756 710 91 692 91 541 * 959 1268 959 1279 0 1279 0 1268
2774 483 42 491 203 79 310 75 140 * 0 0 0 0 0 0 0 0
2776 993 629 987 808 343 790 331 610 * 1557 1185 1557 1199 0 1199 0 1185
2787 707 497 709 545 539 553 539 504 * 0 0 0 0 0 0 0 0
2789 585 179 574 259 249 350 248 242 * 639 383 639 435 0 435 0 383
2793 1109 282 1116 482 344 487 330 292 * 1279 806 1279 959 0 959 0 806
2814 336 315 342 382 110 387 103 321 * 259 782 259 799 0 799 0 782
2816 424 157 435 244 144 291 130 202 * 499 316 499 330 0 330 0 316
2818 453 102 439 208 51 167 61 64 * 0 0 0 0 0 0 0 0
2831 1428 803 1487 1026 706 1236 629 1031 * 2047 1509 2047 1535 468 1535 468 1509
2833 1388 550 1388 870 237 856 237 541 * 1523 1159 1523 1199 0 1199 0 1159
2842 327 224 328 262 183 264 181 227 * 0 0 0 0 0 0 0 0
2882 1451 1320 1430 1608 136 1589 115 1301 * 1535 2029 1535 2047 0 2047 0 2029
2887 287 144 284 231 39 171 41 89 * 0 0 0 0 0 0 0 0
2899 331 212 330 234 248 232 249 210 * 0 0 0 0 0 0 0 0
2904 494 488 491 527 336 522 338 485 * 0 0 0 0 0 0 0 0
2907 938 652 943 776 521 859 513 728 * 859 900 859 959 25 959 25 900
2911 1081 616 1085 737 630 732 626 613 * 0 0 0 0 0 0 0 0
2919 713 262 713 422 77 420 71 262 * 799 523 799 535 0 535 0 523
2934 873 361 868 465 484 500 483 404 * 857 862 857 959 0 959 0 862
2935 281 115 298 178 88 185 79 110 * 236 240 236 273 0 273 0 240
2962 1306 553 1315 841 157 803 147 521 * 1540 1042 1540 1199 0 1199 0 1042
2965 391 388 391 458 104 457 104 388 * 269 642 269 669 0 669 0 642
2977 660 317 665 393 399 412 392 336 * 678 761 678 775 0 775 0 761
2982 647 272 653 369 314 378 309 282 * 918 606 918 709 58 709 58 606
2984 587 405 579 530 147 543 153 411 * 0 0 0 0 0 0 0 0
2986 287 221 288 234 235 234 234 221 * 0 0 0 0 0 0 0 0
2989 1239 266 1246 440 430 540 378 363 * 2047 1413 2047 1535 0 1535 0 1413
2992 1022 745 1032 852 521 898 516 789 * 0 0 0 0 0 0 0 0
2994 465 310 466 334 380 333 382 308 * 0 0 0 0 0 0 0 0
3013 253 280 255 298 182 304 181 286 * 0 0 0 0 0 0 0 0
3016 1341 699 1347 761 1095 761 1091 699 * 0 0 0 0 0 0 0 0
3028 1005 376 972 612 87 663 37 412 * 1199 746 1199 895 0 895 0 746
3033 744 217 756 408 52 425 33 237 * 815 478 815 611 0 611 0 478
3051 252 299 252 319 177 319 178 299 * 499 656 499 665 110 665 110 656
3055 1686 557 1686 853 259 884 259 593 * 1838 1074 1838 1535 0 1535 0 1074
3064 588 228 597 348 103 347 94 230 * 681 437 681 511 0 511 0 437
3067 1774 221 1749 704 253 591 278 119 * 1869 1450 1869 1502 0 1502 0 1450
3075 310 190 310 250 41 252 39 191 * 337 540 337 599 0 599 0 540
3085 193 436 180 480 102 464 112 424 * 0 0 0 0 0 0 0 0
3087 739 428 732 547 376 456 379 342 * 0 0 0 0 0 0 0 0
3105 1501 701 1494 885 700 915 708 729 * 1976 1445 1976 1535 0 1535 0 1445
3117 655 567 659 611 521 618 517 574 * 941 1581 941 1599 230 1599 230 1581
3118 1072 558 1064 704 552 820 548 654 * 0 0 0 0 0 0 0 0
3130 604 95 604 232 82 232 77 97 * 514 311 514 335 0 335 0 311
3140 667 421 663 548 56 531 65 393 * 719 928 719 959 0 959 0 928
3151 832 453 832 545 411 555 411 464 * 0 0 0 0 0 0 0 0
3154 326 225 328 262 183 264 181 227 * 0 0 0 0 0 0 0 0
3172 1643 136 1630 550 91 550 104 140 * 1567 691 1567 708 0 708 0 691
3352 745 250 757 309 509 315 497 256 * 796 566 796 719 0 719 0 566
3466 816 171 824 236 609 232 600 168 * 716 680 716 719 0 719 0 680
3551 1003 315 1009 380 784 382 777 318 * 959 680 959 719 635 719 635 680
3851 1064 338 1067 414 739 409 735 335 * 0 0 0 0 0 0 0 0
3873 648 17 650 85 417 70 413 4 * 0 0 0 0 0 0 0 0
3956 987 384 990 467 724 457 718 377 * 0 0 0 0 0 0 0 0
4316 883 132 881 217 617 192 620 112 * 1279 646 1279 719 257 719 257 646
4473 939 344 955 419 681 416 665 339 * 0 0 0 0 0 0 0 0
4499 672 164 680 228 488 235 476 179 * 1267 698 1267 719 60 719 60 698
4545 758 133 758 206 534 205 534 133 * 0 0 0 0 0 0 0 0
4636 885 13 894 72 699 70 690 14 * 1159 694 1159 719 470 719 470 694
4826 916 339 926 409 692 414 681 344 * 0 0 0 0 0 0 0 0
4832 1035 296 1045 383 775 383 765 298 * 0 0 0 0 0 0 0 0
5008 841 345 848 414 628 414 614 347 * 1021 705 1021 719 0 719 0 705
5080 764 142 768 208 548 211 552 145 * 0 0 0 0 0 0 0 0
5161 926 174 940 235 726 235 714 179 * 0 0 0 0 0 0 0 0
5566 879 15 884 77 644 78 639 19 * 1222 666 1222 719 467 719 467 666
6223 818 294 826 356 622 362 610 303 * 0 0 0 0 0 0 0 0
6238 854 287 866 345 622 355 610 298 * 921 711 921 719 171 719 171 711
6375 700 132 704 198 484 182 481 118 * 0 0 0 0 0 0 0 0
6575 956 246 956 329 622 299 618 221 * 0 0 0 0 0 0 0 0
6642 1183 204 1190 280 859 297 848 222 * 0 0 0 0 0 0 0 0
7424 891 388 902 475 638 457 627 369 * 0 0 0 0 0 0 0 0
7431 904 136 916 224 668 232 656 145 * 0 0 0 0 0 0 0 0
7652 1062 316 1067 398 783 400 775 320 * 0 0 0 0 0 0 0 0
7891 562 9 570 72 390 66 380 5 * 1279 588 1279 719 63 719 63 588
8307 774 286 787 348 572 350 560 288 * 506 692 506 719 0 719 0 692
8454 929 356 937 425 700 436 686 364 * 0 0 0 0 0 0 0 0
8576 953 360 956 431 639 422 632 353 * 0 0 0 0 0 0 0 0
8589 796 222 803 291 600 278 592 208 * 1132 704 1132 719 0 719 0 704
8922 900 164 908 235 697 228 688 163 * 1155 706 1155 719 250 719 250 706
9232 924 197 920 262 704 257 694 193 * 814 589 814 719 0 719 0 589
9533 847 256 856 324 611 315 602 249 * 984 705 984 719 0 719 0 705
9810 851 339 862 398 648 400 636 339 * 459 618 459 719 30 719 30 618
9893 684 107 693 158 511 158 503 107 * 1128 687 1128 719 237 719 237 687
9972 1146 217 1149 288 835 282 832 212 * 0 0 0 0 0 0 0 0
10080 904 345 913 412 691 417 681 352 * 1279 697 1279 719 34 719 34 697
10323 841 142 843 208 649 198 644 128 * 1201 685 1201 719 0 719 0 685
11180 868 290 873 350 610 363 608 303 * 0 0 0 0 0 0 0 0
11425 935 310 943 379 706 382 695 314 * 0 0 0 0 0 0 0 0
11429 768 250 773 310 551 313 549 254 * 0 0 0 0 0 0 0 0
11514 635 326 641 404 404 395 395 321 * 0 0 0 0 0 0 0 0
11838 929 342 934 412 705 419 694 347 * 0 0 0 0 0 0 0 0
11946 907 185 908 256 683 251 681 184 * 1279 536 1279 719 86 719 86 536
12254 846 272 856 345 620 339 609 270 * 0 0 0 0 0 0 0 0
12367 803 82 808 143 571 143 569 83 * 0 0 0 0 0 0 0 0
12396 871 421 876 503 585 492 578 412 * 781 505 781 597 599 597 599 505
12538 894 246 903 305 622 319 614 261 * 955 710 955 719 0 719 0 710
12883 851 382 860 454 624 462 609 390 * 0 0 0 0 0 0 0 0
13223 841 179 854 246 640 249 627 187 * 1279 675 1279 719 0 719 0 675
13233 971 357 977 436 695 425 684 349 * 0 0 0 0 0 0 0 0
13635 1034 377 1042 457 739 452 727 374 * 0 0 0 0 0 0 0 0
13658 1001 371 1009 441 769 451 752 384 * 938 706 938 719 0 719 0 706
14037 1106 297 1114 379 827 384 816 304 * 0 0 0 0 0 0 0 0
14211 884 305 890 378 588 369 585 300 * 1243 703 1243 719 63 719 63 703
14233 1009 204 1017 275 790 273 782 206 * 0 0 0 0 0 0 0 0
14648 851 326 862 392 636 400 630 336 * 0 0 0 0 0 0 0 0
15063 874 187 874 246 662 243 655 187 * 0 0 0 0 0 0 0 0
15067 837 262 845 319 576 337 567 280 * 414 691 414 719 44 719 44 691
15415 911 309 919 361 691 370 683 319 * 872 689 872 719 0 719 0 689
15546 1055 399 1063 478 778 471 767 395 * 0 0 0 0 0 0 0 0
15646 824 296 838 355 620 368 612 300 * 426 676 426 719 0 719 0 676
16455 976 191 985 265 708 253 702 181 * 941 662 941 719 32 719 32 662
16664 838 289 844 351 565 343 559 283 * 1256 514 1256 719 157 719 157 514
16912 857 329 862 398 577 395 572 328 * 0 0 0 0 0 0 0 0
17093 917 380 922 458 643 448 639 372 * 0 0 0 0 0 0 0 0
17168 843 302 853 363 606 375 596 315 * 492 692 492 719 0 719 0 692
17391 867 288 873 343 615 350 610 296 * 0 0 0 0 0 0 0 0
17679 691 68 699 137 486 140 478 76 * 984 666 984 719 0 719 0 666
17977 914 299 920 358 648 375 642 316 * 899 674 899 719 0 719 0 674
18275 944 145 953 206 755 206 744 140 * 0 0 0 0 0 0 0 0
18873 796 259 803 329 592 336 584 268 * 1089 683 1089 719 0 719 0 683
18900 853 255 858 314 601 325 593 266 * 0 0 0 0 0 0 0 0
19275 1000 388 1008 467 718 455 710 378 * 1169 704 1169 719 925 719 925 704
19425 848 288 857 352 636 358 622 296 * 528 644 528 719 41 719 41 644
19451 949 189 954 250 704 244 699 185 * 1279 711 1279 719 289 719 289 711
20257 924 177 928 257 673 236 672 163 * 1252 662 1252 719 0 719 0 662
21040 663 169 672 231 441 229 431 169 * 1279 701 1279 719 0 719 0 701
21247 643 144 654 216 414 219 403 148 * 1161 648 1161 719 0 719 0 648
21387 928 362 940 428 690 439 678 375 * 0 0 0 0 0 0 0 0
21641 903 264 912 330 670 341 659 276 * 426 675 426 719 0 719 0 675
21642 906 431 906 523 519 482 519 393 * 0 0 0 0 0 0 0 0
21749 614 100 619 168 416 161 414 96 * 845 680 845 719 0 719 0 680
21999 1059 434 1068 515 764 509 753 431 * 0 0 0 0 0 0 0 0
22067 971 234 978 287 741 299 732 247 * 0 0 0 0 0 0 0 0
22133 881 420 893 485 643 495 631 432 * 0 0 0 0 0 0 0 0
22464 958 324 973 392 725 402 711 337 * 0 0 0 0 0 0 0 0
22810 793 92 793 152 588 145 590 92 * 1107 709 1107 719 83 719 83 709
22888 826 366 829 428 546 429 540 369 * 469 613 469 719 7 719 7 613
23808 869 330 874 412 579 412 573 331 * 0 0 0 0 0 0 0 0
23850 919 219 924 290 686 288 682 219 * 0 0 0 0 0 0 0 0
24128 880 302 889 365 656 375 647 313 * 0 0 0 0 0 0 0 0
24658 1072 368 1081 448 825 440 812 361 * 0 0 0 0 0 0 0 0
24977 950 230 953 300 726 304 723 235 * 896 685 896 719 0 719 0 685
25028 726 152 728 216 506 213 504 152 * 0 0 0 0 0 0 0 0
25125 678 236 684 297 484 281 480 222 * 1196 684 1196 719 367 719 367 684
25418 802 206 805 266 528 260 528 201 * 1111 512 1111 719 95 719 95 512
25827 828 281 835 352 616 368 607 296 * 0 0 0 0 0 0 0 0
26670 914 377 920 449 676 437 667 366 * 0 0 0 0 0 0 0 0
26815 870 376 878 460 606 452 595 369 * 0 0 0 0 0 0 0 0
27075 938 494 946 572 643 564 631 489 * 0 0 0 0 0 0 0 0
27553 865 14 869 77 647 80 641 18 * 1233 691 1233 719 457 719 457 691
27649 1020 150 1027 216 817 206 809 144 * 1279 683 1279 719 656 719 656 683
27698 771 244 779 316 529 309 522 239 * 1230 667 1230 719 491 719 491 667
27757 684 409 696 486 459 464 448 390 * 0 0 0 0 0 0 0 0
27945 1009 258 1015 335 717 323 712 250 * 0 0 0 0 0 0 0 0
27962 715 390 724 455 465 446 453 383 * 0 0 0 0 0 0 0 0
28308 832 170 837 224 619 218 613 167 * 1193 706 1193 719 471 719 471 706
28836 965 376 977 445 725 454 713 387 * 0 0 0 0 0 0 0 0
28907 944 275 955 354 656 351 642 275 * 0 0 0 0 0 0 0 0
29170 569 9 571 75 353 59 349 -4 * 0 0 0 0 0 0 0 0
29286 511 44 520 104 289 105 279 46 * 1169 704 1169 719 549 719 549 704
29405 832 316 841 375 559 387 547 329 * 0 0 0 0 0 0 0 0
29745 928 386 940 451 688 464 676 401 * 0 0 0 0 0 0 0 0
29881 997 191 1003 254 757 256 748 194 * 1049 706 1049 719 0 719 0 706
29937 1015 364 1023 441 741 431 731 357 * 0 0 0 0 0 0 0 0
30008 872 162 883 229 654 238 643 173 * 1036 689 1036 719 0 719 0 689
30298 859 323 870 401 617 388 608 315 * 0 0 0 0 0 0 0 0
30525 920 323 928 387 702 398 692 331 * 0 0 0 0 0 0 0 0
30553 931 218 934 285 718 277 717 214 * 0 0 0 0 0 0 0 0
30580 1021 320 1026 398 746 400 739 324 * 0 0 0 0 0 0 0 0
30898 764 244 769 306 538 294 531 233 * 1279 661 1279 719 393 719 393 661
31125 1007 222 1007 312 695 271 692 187 * 0 0 0 0 0 0 0 0
31344 607 230 614 285 382 281 373 228 * 0 0 0 0 0 0 0 0
31469 878 192 886 260 670 262 662 201 * 1018 686 1018 719 0 719 0 686
31495 824 198 828 264 609 260 604 198 * 910 589 910 719 7 719 7 589
31828 980 326 988 390 760 398 750 332 * 0 0 0 0 0 0 0 0
32722 918 272 923 347 656 321 648 244 * 974 709 974 719 0 719 0 709
32727 873 321 886 387 657 396 643 329 * 0 0 0 0 0 0 0 0
32820 1008 337 1016 412 729 412 718 339 * 0 0 0 0 0 0 0 0
32863 907 337 916 406 681 416 670 348 * 446 627 446 719 26 719 26 627
33132 955 334 960 414 694 404 689 320 * 0 0 0 0 0 0 0 0
33304 612 1 618 71 379 82 371 13 * 764 691 764 719 32 719 32 691
33379 872 257 878 313 667 321 660 262 * 0 0 0 0 0 0 0 0
33504 766 92 775 171 532 177 523 100 * 1229 663 1229 719 0 719 0 663
33943 913 377 921 441 699 446 686 380 * 449 670 449 719 0 719 0 670
34556 925 262 930 326 685 331 681 268 * 941 656 941 719 349 719 349 656
34786 739 1 745 65 507 59 498 -1 * 0 0 0 0 0 0 0 0
35113 910 300 921 364 692 376 680 313 * 797 686 797 719 51 719 51 686
35533 699 235 702 302 492 289 481 232 * 1011 704 1011 719 210 719 210 704
35561 739 416 752 475 519 479 505 421 * 0 0 0 0 0 0 0 0
36586 1037 347 1046 420 740 420 731 348 * 0 0 0 0 0 0 0 0
36657 868 312 873 373 611 394 608 331 * 0 0 0 0 0 0 0 0
36731 763 265 776 328 556 334 542 275 * 0 0 0 0 0 0 0 0
36870 934 342 944 408 712 417 700 347 * 1022 697 1022 719 0 719 0 697
37278 972 369 974 450 689 443 682 363 * 0 0 0 0 0 0 0 0
37519 923 358 929 424 707 425 697 364 * 451 695 451 719 73 719 73 695
37926 867 366 872 451 606 435 601 353 * 1258 693 1258 719 83 719 83 693
38131 1009 313 1014 380 792 380 790 312 * 1279 710 1279 719 540 719 540 710
38139 1005 306 1015 377 758 374 746 305 * 0 0 0 0 0 0 0 0
38323 579 123 582 195 371 188 369 124 * 0 0 0 0 0 0 0 0
38418 788 249 786 311 563 311 563 249 * 0 0 0 0 0 0 0 0
38688 1025 149 1036 200 812 206 801 156 * 0 0 0 0 0 0 0 0
38776 854 400 860 465 633 467 619 401 * 471 708 471 719 0 719 0 708
38811 964 339 972 408 740 417 728 347 * 0 0 0 0 0 0 0 0
38967 1097 213 1097 289 781 264 778 190 * 0 0 0 0 0 0 0 0
39036 792 286 800 348 584 355 574 291 * 0 0 0 0 0 0 0 0
39275 1044 338 1044 408 761 398 758 330 * 1279 694 1279 719 342 719 342 694
39769 956 271 968 337 750 343 736 278 * 0 0 0 0 0 0 0 0
40042 841 287 854 361 612 369 599 296 * 1025 678 1025 719 0 719 0 678
40561 987 352 985 429 695 445 698 367 * 803 613 803 719 0 719 0 613
40644 677 252 683 314 397 317 392 256 * 1033 630 1033 719 148 719 148 630
40670 800 244 811 323 563 316 550 240 * 1115 686 1115 719 180 719 180 686
40699 1039 491 1046 571 679 553 671 477 * 0 0 0 0 0 0 0 0
40789 793 351 796 423 507 402 504 334 * 0 0 0 0 0 0 0 0
40811 748 427 748 505 514 457 511 381 * 1118 653 1118 719 256 719 256 653
41061 1150 307 1152 387 904 374 896 302 * 665 687 665 719 122 719 122 687
41191 992 369 995 473 740 528 737 421 * 837 607 837 719 0 719 0 607
41298 874 235 874 332 631 373 631 274 * 1166 660 1166 719 91 719 91 660
41330 1036 332 1036 427 799 475 799 376 * 870 705 870 719 0 719 0 705
41340 872 285 872 384 580 440 583 338 * 1279 671 1279 719 925 719 925 671
41360 998 332 1001 395 695 393 691 331 * 0 0 0 0 0 0 0 0
41389 977 302 974 375 697 383 700 309 * 0 0 0 0 0 0 0 0
41459 864 329 871 399 609 415 600 346 * 951 589 951 719 215 719 215 589
41705 647 258 651 321 427 309 421 249 * 0 0 0 0 0 0 0 0
41925 1030 324 1030 390 819 380 820 321 * 0 0 0 0 0 0 0 0
42034 857 348 862 421 573 422 568 350 * 0 0 0 0 0 0 0 0
42135 683 308 688 376 452 364 444 299 * 0 0 0 0 0 0 0 0
42162 1085 350 1085 444 837 497 837 398 * 1208 701 1208 719 0 719 0 701
42176 961 332 964 409 713 400 704 326 * 0 0 0 0 0 0 0 0
42347 850 265 850 360 605 418 605 318 * 0 0 0 0 0 0 0 0
42428 726 291 742 366 518 358 510 292 * 0 0 0 0 0 0 0 0
42546 992 328 992 404 710 411 707 336 * 0 0 0 0 0 0 0 0
42591 999 403 996 502 669 528 675 427 * 1279 700 1279 719 219 719 219 700
42774 862 350 857 444 589 487 594 389 * 0 0 0 0 0 0 0 0
42858 678 267 688 342 448 334 438 265 * 0 0 0 0 0 0 0 0
42974 1030 365 1023 465 760 513 768 408 * 0 0 0 0 0 0 0 0
43259 913 353 916 435 641 447 638 365 * 0 0 0 0 0 0 0 0
43922 641 355 651 422 397 421 387 356 * 0 0 0 0 0 0 0 0
43957 907 331 912 403 638 413 635 341 * 0 0 0 0 0 0 0 0
44255 787 260 783 357 528 390 532 290 * 1279 635 1279 719 971 719 971 635
44282 1218 334 1227 409 950 435 939 362 * 825 473 825 712 295 712 295 473
44376 660 271 672 352 407 362 392 283 * 0 0 0 0 0 0 0 0
44526 713 260 720 322 473 333 463 271 * 1142 704 1142 719 147 719 147 704
44594 857 313 854 409 589 458 592 357 * 0 0 0 0 0 0 0 0
44617 918 363 918 464 661 519 663 414 * 840 528 840 614 677 614 677 528
44729 829 302 829 399 538 462 538 358 * 1279 688 1279 719 828 719 828 688
44885 987 296 984 359 681 351 688 289 * 1087 678 1087 719 45 719 45 678
45136 943 296 946 359 682 365 677 302 * 0 0 0 0 0 0 0 0
45357 857 395 862 459 605 448 598 386 * 0 0 0 0 0 0 0 0
45494 601 268 608 344 404 318 396 249 * 0 0 0 0 0 0 0 0
45596 974 335 979 404 710 411 708 343 * 0 0 0 0 0 0 0 0
45846 1134 304 1137 377 889 369 883 294 * 0 0 0 0 0 0 0 0
45875 935 250 935 346 690 394 687 294 * 817 664 817 719 0 719 0 664
45945 806 302 812 360 564 377 556 316 * 803 696 803 719 0 719 0 696
46021 917 291 914 379 673 429 678 334 * 0 0 0 0 0 0 0 0
46052 880 262 884 334 633 326 628 259 * 0 0 0 0 0 0 0 0
46068 814 288 812 351 564 351 566 288 * 1256 659 1256 719 98 719 98 659
46083 1026 322 1026 415 727 423 727 331 * 1279 695 1279 719 165 719 165 695
46193 954 356 951 447 681 493 686 397 * 839 708 839 719 170 719 170 708
46252 938 324 938 412 709 460 711 369 * 0 0 0 0 0 0 0 0
46439 985 290 985 383 744 440 747 342 * 1279 657 1279 719 933 719 933 657
46475 742 342 744 403 490 407 487 346 * 0 0 0 0 0 0 0 0
46617 802 203 796 287 578 322 582 237 * 0 0 0 0 0 0 0 0
46850 1085 257 1083 360 835 412 840 303 * 0 0 0 0 0 0 0 0
47034 1012 276 1008 369 767 412 771 315 * 1038 708 1038 719 744 719 744 708
47273 1035 355 1046 438 756 443 742 362 * 1261 685 1261 719 457 719 457 685
47497 880 232 883 303 608 318 603 247 * 1195 710 1195 719 138 719 138 710
47527 830 267 835 338 583 333 578 264 * 0 0 0 0 0 0 0 0
47752 453 284 450 374 172 425 172 328 * 676 670 676 719 0 719 0 670
47887 881 431 891 499 627 495 617 429 * 0 0 0 0 0 0 0 0
48056 796 293 794 389 544 432 546 333 * 1279 706 1279 719 980 719 980 706
48070 898 318 901 408 657 453 653 359 * 0 0 0 0 0 0 0 0
48234 1020 327 1022 389 769 394 764 332 * 0 0 0 0 0 0 0 0
48623 814 252 814 350 570 394 570 293 * 1279 655 1279 719 0 719 0 655
48865 970 437 976 514 662 513 659 439 * 0 0 0 0 0 0 0 0
49037 885 238 887 329 644 375 641 281 * 1279 711 1279 719 889 719 889 711
49082 1056 337 1049 432 806 465 812 361 * 535 625 535 719 322 719 322 625
49189 913 338 921 408 652 410 645 342 * 874 675 874 719 0 719 0 675
49492 1045 365 1043 457 806 506 808 411 * 0 0 0 0 0 0 0 0
49701 884 382 889 456 632 451 627 377 * 1279 708 1279 719 0 719 0 708
49712 920 375 927 446 670 434 663 366 * 0 0 0 0 0 0 0 0
49936 847 352 847 447 574 499 574 399 * 0 0 0 0 0 0 0 0
50063 954 359 956 425 687 423 685 358 * 0 0 0 0 0 0 0 0
50221 796 313 794 406 536 455 541 358 * 0 0 0 0 0 0 0 0
50287 840 326 843 396 592 388 588 316 * 861 710 861 719 492 719 492 710
50443 894 283 899 359 644 349 636 277 * 882 611 882 719 0 719 0 611
51091 936 313 937 385 694 380 686 308 * 1279 668 1279 719 55 719 55 668
51207 877 271 882 340 623 347 616 278 * 1160 651 1160 719 111 719 111 651
51777 992 214 988 308 755 360 760 260 * 0 0 0 0 0 0 0 0
51862 599 258 604 329 357 335 349 266 * 0 0 0 0 0 0 0 0
52461 1051 259 1051 346 808 397 808 303 * 0 0 0 0 0 0 0 0
52466 1018 384 1016 481 770 533 772 431 * 0 0 0 0 0 0 0 0
52576 808 274 814 331 576 337 569 281 * 1068 593 1068 719 0 719 0 593
52612 806 293 811 366 554 351 551 280 * 912 678 912 719 412 719 412 678
52706 708 335 719 408 439 422 429 349 * 1143 674 1143 719 157 719 157 674
52745 1091 323 1099 397 824 416 817 342 * 0 0 0 0 0 0 0 0
52935 946 252 937 340 704 378 711 286 * 0 0 0 0 0 0 0 0
52939 814 285 819 352 569 357 562 291 * 0 0 0 0 0 0 0 0
53018 713 268 713 363 467 416 467 318 * 0 0 0 0 0 0 0 0
53135 943 397 948 470 681 461 674 390 * 0 0 0 0 0 0 0 0
53141 803 376 810 443 551 450 541 384 * 0 0 0 0 0 0 0 0
53354 879 355 877 457 640 509 640 403 * 0 0 0 0 0 0 0 0
53387 781 328 783 391 522 391 517 329 * 0 0 0 0 0 0 0 0
53428 874 313 881 381 612 379 605 314 * 1279 676 1279 719 0 719 0 676
53447 934 327 932 419 695 472 698 374 * 0 0 0 0 0 0 0 0
53658 942 338 942 436 699 500 701 398 * 875 698 875 719 0 719 0 698
53741 908 307 906 399 665 450 667 355 * 774 528 774 719 137 719 137 528
53744 1024 374 1024 470 771 525 769 424 * 644 630 644 719 89 719 89 630
53814 831 170 840 244 594 236 585 164 * 0 0 0 0 0 0 0 0
53920 646 264 652 337 416 339 404 272 * 959 679 959 719 0 719 0 679
54094 890 232 890 324 647 372 649 277 * 1279 705 1279 719 854 719 854 705
54107 904 293 904 387 665 437 665 338 * 1062 692 1062 719 46 719 46 692
54180 991 389 999 457 714 463 706 397 * 381 708 381 719 0 719 0 708
54402 880 303 883 369 601 362 598 298 * 0 0 0 0 0 0 0 0
54550 553 368 561 441 306 438 297 368 * 0 0 0 0 0 0 0 0
54606 703 336 711 410 436 410 429 339 * 812 706 812 719 235 719 235 706
54668 801 280 803 338 566 331 564 275 * 0 0 0 0 0 0 0 0
54877 779 254 789 326 537 340 527 270 * 0 0 0 0 0 0 0 0
55241 989 309 993 376 740 395 736 327 * 970 660 970 719 19 719 19 660
55302 894 366 897 434 620 433 615 367 * 0 0 0 0 0 0 0 0
55566 850 306 853 401 607 452 605 354 * 0 0 0 0 0 0 0 0
55606 884 302 887 362 600 363 595 305 * 1230 703 1230 719 395 719 395 703
55831 599 334 606 397 359 394 349 332 * 0 0 0 0 0 0 0 0
55956 741 398 743 481 463 463 457 383 * 0 0 0 0 0 0 0 0
55979 896 362 905 431 646 437 634 369 * 722 709 722 719 124 719 124 709
56077 836 232 833 327 585 382 585 281 * 0 0 0 0 0 0 0 0
56138 747 347 752 427 507 409 500 334 * 815 698 815 719 23 719 23 698
56336 1044 352 1046 444 796 487 796 392 * 1279 694 1279 719 299 719 299 694
56508 1063 250 1065 341 815 351 813 262 * 996 701 996 719 469 719 469 701
56555 819 374 827 441 553 447 545 382 * 0 0 0 0 0 0 0 0
56563 775 400 773 496 528 555 530 453 * 0 0 0 0 0 0 0 0
56872 1148 313 1152 395 899 382 892 302 * 964 698 964 719 120 719 120 698
56877 960 436 963 528 712 586 710 489 * 0 0 0 0 0 0 0 0
56927 803 305 809 379 574 382 563 312 * 1279 675 1279 719 0 719 0 675
57326 714 361 717 429 462 396 460 332 * 930 708 930 719 4 719 4 708
57817 836 299 838 364 604 363 601 296 * 1169 711 1169 719 131 719 131 711
58023 810 268 806 353 574 406 578 317 * 1223 696 1223 719 264 719 264 696
58573 808 276 818 342 563 348 551 285 * 0 0 0 0 0 0 0 0
58615 910 276 915 340 668 333 665 271 * 0 0 0 0 0 0 0 0
58908 1010 349 1015 420 741 412 736 344 * 879 701 879 719 227 719 227 701
58916 894 322 902 399 630 398 625 323 * 0 0 0 0 0 0 0 0
59019 1072 222 1070 284 832 315 834 253 * 0 0 0 0 0 0 0 0
59144 899 378 905 446 625 455 617 388 * 0 0 0 0 0 0 0 0
59274 863 301 871 368 607 386 597 319 * 1201 560 1201 719 93 719 93 560
59430 834 359 839 419 567 416 562 358 * 1124 705 1124 719 184 719 184 705
59535 527 482 537 557 261 538 247 467 * 0 0 0 0 0 0 0 0
59762 996 332 992 427 758 478 762 380 * 1001 683 1001 719 126 719 126 683
60120 784 319 790 388 538 389 529 321 * 0 0 0 0 0 0 0 0
60162 724 283 731 355 488 344 480 275 * 948 696 948 719 274 719 274 696
60328 1070 277 1070 364 836 410 834 320 * 890 566 890 719 185 719 185 566
60391 659 291 667 361 441 347 440 283 * 1230 627 1230 719 112 719 112 627
60488 1017 251 1017 342 785 371 782 272 * 0 0 0 0 0 0 0 0
60570 763 310 765 378 515 360 513 294 * 1055 696 1055 719 403 719 403 696
60644 766 257 776 331 548 324 540 259 * 0 0 0 0 0 0 0 0
60778 683 278 689 348 457 356 443 288 * 0 0 0 0 0 0 0 0
60871 1008 471 1006 563 771 623 776 525 * 0 0 0 0 0 0 0 0
60969 784 299 787 368 525 368 523 300 * 0 0 0 0 0 0 0 0
61172 919 368 919 463 669 515 667 415 * 0 0 0 0 0 0 0 0
61232 683 258 689 320 421 325 418 264 * 857 710 857 719 461 719 461 710
61699 1093 353 1096 448 850 494 848 396 * 709 660 709 719 41 719 41 660
61736 1057 307 1062 378 803 392 795 322 * 0 0 0 0 0 0 0 0
61742 1100 353 1103 429 759 409 755 336 * 1279 654 1279 719 359 719 359 654
61768 947 315 944 400 708 447 710 357 * 0 0 0 0 0 0 0 0
61895 1122 355 1119 454 865 496 868 394 * 1076 670 1076 719 279 719 279 670
61908 731 391 735 455 471 448 462 386 * 0 0 0 0 0 0 0 0
62375 969 381 967 476 728 534 731 435 * 0 0 0 0 0 0 0 0
62459 944 287 947 386 699 437 696 336 * 0 0 0 0 0 0 0 0
62509 1041 369 1041 467 793 518 793 415 * 0 0 0 0 0 0 0 0
62535 874 351 881 418 620 414 613 349 * 0 0 0 0 0 0 0 0
62703 857 263 862 331 594 333 586 267 * 0 0 0 0 0 0 0 0
62790 946 283 949 348 689 349 685 284 * 0 0 0 0 0 0 0 0
63009 758 361 763 432 508 411 501 343 * 0 0 0 0 0 0 0 0
63183 690 288 690 385 425 438 427 337 * 1129 630 1129 719 220 719 220 630
63523 714 286 712 349 464 340 464 278 * 0 0 0 0 0 0 0 0
63571 866 305 868 376 599 367 594 298 * 0 0 0 0 0 0 0 0
63643 855 343 855 436 607 488 607 390 * 0 0 0 0 0 0 0 0
63829 710 227 716 302 472 302 465 233 * 999 662 999 719 0 719 0 662
63941 940 291 940 391 696 438 694 336 * 878 691 878 719 0 719 0 691
64045 1042 366 1046 430 715 421 712 359 * 0 0 0 0 0 0 0 0
64140 1001 409 1008 489 748 507 737 428 * 0 0 0 0 0 0 0 0
64346 1016 266 1014 343 788 375 798 282 * 0 0 0 0 0 0 0 0
64360 923 332 928 396 643 392 638 330 * 0 0 0 0 0 0 0 0
64833 778 372 778 466 535 516 532 418 * 0 0 0 0 0 0 0 0
64886 984 353 985 424 731 432 724 358 * 1279 626 1279 719 0 719 0 626
65131 738 310 741 408 468 462 468 359 * 1279 679 1279 719 962 719 962 679
65193 957 340 955 439 707 497 709 393 * 0 0 0 0 0 0 0 0
65304 846 358 851 443 590 425 584 340 * 0 0 0 0 0 0 0 0
65601 824 293 829 355 558 360 550 300 * 0 0 0 0 0 0 0 0
65927 1027 272 1030 342 777 359 775 290 * 0 0 0 0 0 0 0 0
66097 929 313 934 381 665 382 661 314 * 1002 686 1002 719 101 719 101 686
66112 1009 365 1009 460 761 516 761 415 * 0 0 0 0 0 0 0 0
66219 1074 274 1077 338 826 342 822 278 * 0 0 0 0 0 0 0 0
66274 792 251 798 328 564 321 553 246 * 0 0 0 0 0 0 0 0
66323 676 307 683 363 454 356 444 302 * 1030 708 1030 719 45 719 45 708
66701 751 308 751 383 484 367 484 295 * 0 0 0 0 0 0 0 0
66754 967 256 965 351 719 397 719 297 * 0 0 0 0 0 0 0 0
66850 842 399 844 490 569 447 566 361 * 0 0 0 0 0 0 0 0
66862 715 302 719 369 460 365 453 300 * 0 0 0 0 0 0 0 0
67153 911 352 914 447 661 496 661 398 * 0 0 0 0 0 0 0 0
67428 772 293 779 363 460 375 456 306 * 0 0 0 0 0 0 0 0
67548 863 304 866 372 554 370 551 304 * 0 0 0 0 0 0 0 0
67565 1047 281 1047 369 761 373 761 285 * 0 0 0 0 0 0 0 0
68065 1263 303 1259 406 1015 449 1020 342 * 761 673 761 719 0 719 0 673
68517 710 376 715 440 451 429 445 367 * 0 0 0 0 0 0 0 0
68606 756 348 758 428 522 384 520 307 * 0 0 0 0 0 0 0 0
68947 859 269 859 360 618 413 616 320 * 1043 523 1043 719 487 719 487 523
69302 679 278 689 345 437 349 427 284 * 761 648 761 719 393 719 393 648
69354 1001 278 998 367 757 416 760 323 * 0 0 0 0 0 0 0 0
69399 948 284 955 358 629 378 622 305 * 1114 705 1114 719 153 719 153 705
69461 843 373 847 444 588 450 583 380 * 1027 674 1027 719 11 719 11 674
69621 943 256 941 352 695 398 700 299 * 1131 611 1131 719 223 719 223 611
69824 840 297 847 365 583 366 576 299 * 0 0 0 0 0 0 0 0
70027 974 276 972 363 738 414 740 320 * 0 0 0 0 0 0 0 0
70145 1031 229 1023 316 745 315 756 227 * 0 0 0 0 0 0 0 0
70245 988 322 994 391 687 380 681 313 * 0 0 0 0 0 0 0 0
70486 873 395 884 472 625 457 611 380 * 0 0 0 0 0 0 0 0
70821 927 362 930 461 677 516 675 412 * 1222 688 1222 719 0 719 0 688
70875 936 326 939 391 629 385 626 320 * 0 0 0 0 0 0 0 0
70893 881 294 886 356 689 348 683 286 * 0 0 0 0 0 0 0 0
70977 1155 387 1153 492 914 547 914 437 * 0 0 0 0 0 0 0 0
70999 732 304 734 367 488 365 486 302 * 0 0 0 0 0 0 0 0
71451 1089 397 1089 497 841 555 841 451 * 1279 706 1279 719 0 719 0 706
71484 1261 263 1256 362 1015 396 1022 293 * 0 0 0 0 0 0 0 0
71559 895 368 900 437 631 431 624 364 * 0 0 0 0 0 0 0 0
71593 832 313 830 385 596 379 595 308 * 888 710 888 719 405 719 405 710
71646 697 328 702 393 452 397 447 334 * 1052 692 1052 719 107 719 107 692
71649 946 306 954 379 677 389 669 317 * 0 0 0 0 0 0 0 0
72092 472 342 486 427 246 427 230 342 * 0 0 0 0 0 0 0 0
72105 699 287 707 349 459 350 452 290 * 0 0 0 0 0 0 0 0
72352 824 307 830 382 596 371 587 292 * 1279 708 1279 719 0 719 0 708
72358 930 274 938 357 664 365 653 283 * 0 0 0 0 0 0 0 0
72430 651 360 654 439 379 396 379 322 * 0 0 0 0 0 0 0 0
72495 860 331 865 408 606 417 600 342 * 874 708 874 719 528 719 528 708
72618 1053 243 1056 335 783 340 778 249 * 0 0 0 0 0 0 0 0
72717 854 327 861 390 611 400 604 338 * 0 0 0 0 0 0 0 0
72954 854 259 860 332 611 316 606 246 * 862 683 862 719 530 719 530 683
73047 919 328 919 425 674 471 671 371 * 0 0 0 0 0 0 0 0
73514 573 415 583 494 320 494 310 417 * 0 0 0 0 0 0 0 0
73567 1025 352 1027 422 801 408 796 342 * 1052 650 1052 719 0 719 0 650
73578 742 328 747 390 512 400 507 337 * 0 0 0 0 0 0 0 0
73944 903 375 895 458 601 465 608 382 * 0 0 0 0 0 0 0 0
74096 695 324 701 384 463 383 455 324 * 0 0 0 0 0 0 0 0
74204 817 231 822 306 571 300 566 226 * 1083 654 1083 719 0 719 0 654
74280 728 364 731 412 516 401 510 353 * 0 0 0 0 0 0 0 0
74281 710 287 712 343 475 333 473 279 * 655 657 655 719 145 719 145 657
74583 980 335 978 429 741 480 744 381 * 0 0 0 0 0 0 0 0
74680 820 359 824 424 591 394 585 336 * 859 600 859 719 0 719 0 600
74750 739 265 747 333 497 337 490 271 * 0 0 0 0 0 0 0 0
74851 694 297 700 353 457 347 450 293 * 0 0 0 0 0 0 0 0
74880 965 388 967 488 712 528 710 428 * 0 0 0 0 0 0 0 0
74909 1076 297 1074 387 831 428 833 333 * 978 693 978 719 0 719 0 693
75351 908 360 911 425 629 431 626 367 * 0 0 0 0 0 0 0 0
75439 1009 359 1006 457 765 521 770 417 * 0 0 0 0 0 0 0 0
75499 681 260 689 325 437 321 432 257 * 0 0 0 0 0 0 0 0
75799 1080 307 1083 390 830 379 820 302 * 0 0 0 0 0 0 0 0
75802 826 294 826 391 583 450 581 349 * 0 0 0 0 0 0 0 0
76030 672 384 672 444 449 422 446 371 * 1197 582 1197 719 235 719 235 582
76076 917 339 920 410 643 411 641 341 * 0 0 0 0 0 0 0 0
76170 1131 415 1137 490 845 493 839 420 * 348 666 348 719 0 719 0 666
76571 889 369 894 440 623 432 617 363 * 999 581 999 717 720 717 720 581
76692 949 198 949 304 693 329 693 223 * 856 706 856 719 0 719 0 706
76714 835 330 843 393 591 400 581 339 * 0 0 0 0 0 0 0 0
76926 756 294 763 364 523 357 517 289 * 1114 599 1114 719 212 719 212 599
77051 699 329 704 398 472 388 465 321 * 1279 685 1279 719 0 719 0 685
77456 745 301 745 399 497 456 495 353 * 950 671 950 719 247 719 247 671
77491 1094 292 1081 379 852 408 867 315 * 0 0 0 0 0 0 0 0
77614 718 350 721 417 489 403 481 336 * 0 0 0 0 0 0 0 0
77655 935 310 938 410 692 462 687 359 * 0 0 0 0 0 0 0 0
77743 633 380 642 446 381 444 369 380 * 0 0 0 0 0 0 0 0
77916 889 276 889 350 612 346 609 274 * 761 579 761 719 0 719 0 579
78068 1086 347 1086 438 843 485 845 390 * 0 0 0 0 0 0 0 0
78435 928 340 935 414 664 415 656 342 * 0 0 0 0 0 0 0 0
78699 842 291 842 391 594 446 594 342 * 0 0 0 0 0 0 0 0
78904 800 342 808 420 574 408 564 332 * 0 0 0 0 0 0 0 0
79140 751 283 756 339 514 327 508 272 * 0 0 0 0 0 0 0 0
79166 737 372 744 446 500 424 491 352 * 0 0 0 0 0 0 0 0
80121 809 483 804 553 502 564 512 488 * 1041 647 1041 719 584 719 584 647
80152 710 326 708 424 435 478 437 377 * 1160 683 1160 719 0 719 0 683
80384 691 334 681 422 428 452 431 362 * 0 0 0 0 0 0 0 0
80516 751 348 760 407 512 411 503 354 * 1070 580 1070 719 205 719 205 580
80578 652 339 662 418 397 424 384 348 * 0 0 0 0 0 0 0 0
80617 715 284 720 350 475 345 471 282 * 0 0 0 0 0 0 0 0
80978 1168 414 1177 508 886 521 875 433 * 0 0 0 0 0 0 0 0
81307 974 312 985 389 708 409 697 333 * 863 702 863 719 297 719 297 702
81349 749 311 754 380 497 373 490 306 * 0 0 0 0 0 0 0 0
81594 817 210 824 275 572 271 563 208 * 0 0 0 0 0 0 0 0
81642 880 254 886 337 630 323 619 248 * 0 0 0 0 0 0 0 0
81686 894 202 889 300 631 350 636 246 * 1227 652 1227 719 53 719 53 652
81752 1121 341 1121 442 875 497 873 392 * 0 0 0 0 0 0 0 0
81938 830 307 832 405 582 460 577 359 * 0 0 0 0 0 0 0 0
82039 837 340 843 418 560 423 553 346 * 0 0 0 0 0 0 0 0
82802 865 252 872 320 617 326 614 265 * 0 0 0 0 0 0 0 0
82843 987 376 990 454 729 440 721 364 * 0 0 0 0 0 0 0 0
83045 911 300 908 391 672 446 674 350 * 802 700 802 719 4 719 4 700
83353 860 346 864 412 535 411 528 347 * 0 0 0 0 0 0 0 0
83559 1082 275 1089 340 832 333 825 270 * 971 674 971 719 32 719 32 674
83727 570 336 573 396 292 378 289 319 * 842 689 842 719 122 719 122 689
83743 1060 368 1064 446 801 438 792 360 * 1279 622 1279 719 305 719 305 622
83752 1044 293 1046 385 805 431 805 336 * 0 0 0 0 0 0 0 0
83828 1052 223 1050 321 811 379 813 277 * 935 641 935 719 0 719 0 641
83990 897 283 902 353 670 345 662 272 * 0 0 0 0 0 0 0 0
84023 771 305 781 372 529 379 519 313 * 0 0 0 0 0 0 0 0
84234 1113 202 1113 307 863 338 863 231 * 1279 701 1279 719 98 719 98 701
84251 739 169 747 236 495 243 485 177 * 0 0 0 0 0 0 0 0
84616 542 339 547 404 313 406 307 336 * 0 0 0 0 0 0 0 0
84835 1105 347 1094 421 857 457 866 373 * 0 0 0 0 0 0 0 0
84918 849 331 862 408 598 417 579 342 * 0 0 0 0 0 0 0 0
85327 974 349 974 418 705 408 703 340 * 0 0 0 0 0 0 0 0
85380 720 255 725 326 471 322 466 252 * 896 675 896 719 0 719 0 675
85403 838 286 847 352 593 361 581 296 * 0 0 0 0 0 0 0 0
85456 805 283 810 342 573 342 566 284 * 0 0 0 0 0 0 0 0
85462 907 339 912 405 659 399 653 334 * 0 0 0 0 0 0 0 0
85474 688 245 697 310 459 316 451 252 * 1279 670 1279 719 154 719 154 670
85877 723 269 731 335 474 339 467 275 * 1155 669 1155 719 95 719 95 669
85878 768 278 771 348 532 339 528 273 * 0 0 0 0 0 0 0 0
85910 930 374 932 470 657 504 655 407 * 0 0 0 0 0 0 0 0
86301 795 295 803 361 553 356 546 292 * 676 708 676 719 158 719 158 708
86373 686 281 688 350 457 342 457 280 * 0 0 0 0 0 0 0 0
86769 1112 382 1112 482 871 532 871 430 * 1164 605 1164 719 228 719 228 605
86797 795 278 798 355 542 360 539 280 * 0 0 0 0 0 0 0 0
86821 1064 240 1059 335 802 378 807 278 * 1279 684 1279 719 197 719 197 684
86901 578 379 574 467 198 518 202 425 * 1173 705 1173 719 447 719 447 705
86997 1119 344 1121 442 878 488 875 389 * 1007 666 1007 719 23 719 23 666
87016 1171 353 1169 451 919 508 919 404 * 411 611 411 719 0 719 0 611
87146 1119 278 1119 373 873 412 873 315 * 0 0 0 0 0 0 0 0
87418 1226 319 1224 400 977 419 977 338 * 0 0 0 0 0 0 0 0
87478 1059 269 1056 359 755 359 760 270 * 1279 711 1279 719 346 719 346 711
87507 863 319 868 388 591 393 583 325 * 0 0 0 0 0 0 0 0
87628 1005 238 1001 327 773 351 778 256 * 0 0 0 0 0 0 0 0
87670 872 302 879 370 615 364 608 298 * 1203 682 1203 719 473 719 473 682
88509 947 331 948 400 721 392 721 326 * 0 0 0 0 0 0 0 0
89213 695 1 699 60 499 72 494 12 * 338 710 338 719 0 719 0 710
90297 862 337 864 398 648 393 648 329 * 0 0 0 0 0 0 0 0
92688 915 335 913 394 691 390 691 332 * 0 0 0 0 0 0 0 0
92850 609 177 613 236 417 238 414 180 * 0 0 0 0 0 0 0 0
96525 793 388 793 457 569 452 569 383 * 0 0 0 0 0 0 0 0
97194 611 185 616 226 432 236 425 196 * 0 0 0 0 0 0 0 0
97762 860 377 862 434 657 428 656 374 * 0 0 0 0 0 0 0 0
98007 905 305 902 369 686 366 684 305 * 0 0 0 0 0 0 0 0
98119 784 176 785 230 580 232 580 184 * 0 0 0 0 0 0 0 0
98266 713 336 710 387 507 380 508 326 * 0 0 0 0 0 0 0 0
98777 719 0 723 59 519 75 515 15 * 581 610 581 719 0 719 0 610
98850 696 217 700 284 505 284 496 224 * 841 704 841 719 253 719 253 704
99177 825 163 832 219 595 235 589 179 * 269 693 269 719 41 719 41 693
99968 776 244 777 302 558 305 558 243 * 0 0 0 0 0 0 0 0
102850 390 192 393 234 326 308 321 266 * 590 435 590 479 0 479 0 435
102852 520 224 522 269 426 340 428 289 * 535 457 535 479 0 479 0 457
102870 160 665 160 704 33 704 35 669 * 0 0 0 0 0 0 0 0
102875 942 575 942 624 795 612 799 563 * 0 0 0 0 0 0 0 0
102876 813 554 813 601 679 585 683 542 * 0 0 0 0 0 0 0 0
102877 1058 387 1058 446 891 436 891 379 * 0 0 0 0 0 0 0 0
102879 709 358 708 384 619 379 619 353 * 0 0 0 0 0 0 0 0
102892 1190 533 1193 582 1038 581 1035 534 * 435 1055 435 1077 0 1077 0 1055
102897 294 202 295 236 164 237 163 204 * 290 291 290 299 0 299 0 291
102904 1236 709 1238 757 1086 757 1084 710 * 0 0 0 0 0 0 0 0
102913 1350 608 1352 653 1196 650 1196 606 * 0 0 0 0 0 0 0 0
102914 931 636 931 672 804 669 804 633 * 1453 1000 1453 1077 458 1077 458 1000
102915 1851 1092 1854 1190 1543 1195 1537 1100 * 2435 2416 2435 2447 0 2447 0 2416
102916 1283 646 1283 687 1134 683 1134 643 * 447 1027 447 1077 0 1077 0 1027
102917 633 720 631 758 518 758 516 722 * 1634 893 1634 1077 515 1077 515 893
102927 571 947 568 991 407 977 410 933 * 0 0 0 0 0 0 0 0
102944 272 161 272 180 206 180 207 162 * 0 0 0 0 0 0 0 0
102948 292 177 293 193 230 195 228 177 * 0 0 0 0 0 0 0 0
102950 467 185 467 198 401 200 403 185 * 0 0 0 0 0 0 0 0
102957 237 653 237 696 107 698 107 656 * 0 0 0 0 0 0 0 0
102959 281 761 279 822 74 824 76 765 * 0 0 0 0 0 0 0 0
102961 605 591 605 619 502 621 502 593 * 0 0 0 0 0 0 0 0
102962 227 807 225 867 33 871 37 813 * 0 0 0 0 0 0 0 0
102963 1178 583 1180 616 1069 622 1067 585 * 0 0 0 0 0 0 0 0
102966 307 787 304 839 129 840 132 789 * 0 0 0 0 0 0 0 0
102967 158 665 160 705 33 709 33 667 * 0 0 0 0 0 0 0 0
102974 267 670 267 703 145 704 144 671 * 0 0 0 0 0 0 0 0
102975 371 824 371 879 169 884 171 828 * 0 0 0 0 0 0 0 0
102982 1213 581 1211 614 1078 614 1080 580 * 0 0 0 0 0 0 0 0
102983 1394 610 1394 644 1264 646 1262 612 * 1700 1051 1700 1077 502 1077 502 1051
102999 1147 768 1152 900 885 926 866 794 * 0 0 0 0 0 0 0 0
103027 1534 687 1534 743 1337 747 1335 691 * 0 0 0 0 0 0 0 0
103053 582 967 585 1011 433 1014 430 970 * 1599 1138 1599 1199 1042 1199 1042 1138
103058 1143 539 1141 574 1026 576 1023 541 * 998 1010 998 1039 0 1039 0 1010
103059 1111 544 1115 581 1002 582 998 546 * 0 0 0 0 0 0 0 0
103060 1235 664 1237 699 1118 699 1117 666 * 0 0 0 0 0 0 0 0
103062 976 637 977 672 864 674 863 639 * 0 0 0 0 0 0 0 0
103063 514 106 515 140 412 142 410 109 * 0 0 0 0 0 0 0 0
103064 1075 669 1078 702 965 702 962 671 * 1113 1022 1113 1039 0 1039 0 1022
103065 468 619 469 652 370 654 368 621 * 0 0 0 0 0 0 0 0
103072 336 265 336 297 223 297 224 265 * 0 0 0 0 0 0 0 0
103078 619 220 617 259 506 259 508 220 * 622 462 622 479 470 479 470 462
103094 494 244 494 275 394 273 394 244 * 486 565 486 575 0 575 0 565
103102 429 123 431 138 388 141 386 123 * 0 0 0 0 0 0 0 0
103107 1116 508 1104 610 640 596 620 494 * 0 0 0 0 0 0 0 0
103110 685 179 746 352 88 524 39 67 * 799 522 799 531 0 531 0 522
103111 366 41 355 225 31 214 40 105 * 0 0 0 0 0 0 0 0
103114 343 159 343 234 22 243 17 165 * 0 0 0 0 0 0 0 0
103115 259 250 260 268 196 268 198 250 * 499 388 499 400 175 400 175 388
103117 281 204 283 220 224 224 225 208 * 0 0 0 0 0 0 0 0
103122 975 413 975 554 647 665 650 513 * 0 0 0 0 0 0 0 0
103123 814 573 800 649 516 497 509 421 * 0 0 0 0 0 0 0 0
103124 660 422 659 445 600 454 604 433 * 0 0 0 0 0 0 0 0
103125 714 355 728 453 293 517 279 413 * 1378 966 1378 1021 0 1021 0 966
103127 738 414 738 499 580 566 580 476 * 0 0 0 0 0 0 0 0
103132 641 438 634 502 493 410 496 355 * 0 0 0 0 0 0 0 0
103133 783 556 769 629 485 493 488 417 * 0 0 0 0 0 0 0 0
103134 657 843 635 912 305 755 305 677 * 0 0 0 0 0 0 0 0
103135 650 363 655 529 155 934 134 754 * 1042 1844 1042 1854 0 1854 0 1844
103139 628 827 614 1022 241 878 254 692 * 1092 1810 1092 1943 0 1943 0 1810
103141 665 410 664 575 112 747 112 575 * 622 1951 622 2006 0 2006 0 1951
103142 912 913 920 1064 471 1112 462 959 * 1455 2551 1455 2589 0 2589 0 2551
103144 675 510 683 544 612 590 603 555 * 0 0 0 0 0 0 0 0
103145 932 619 936 657 849 673 844 635 * 0 0 0 0 0 0 0 0
103147 725 458 735 503 643 554 627 502 * 1324 817 1324 1045 304 1045 304 817
103148 567 599 574 634 491 635 484 603 * 0 0 0 0 0 0 0 0
103150 718 290 712 329 631 293 635 258 * 1143 1006 1143 1035 409 1035 409 1006
103151 806 442 822 486 717 535 702 482 * 0 0 0 0 0 0 0 0
103155 868 374 881 445 668 585 643 513 * 0 0 0 0 0 0 0 0
103158 714 642 680 776 291 615 308 504 * 1190 1497 1190 1604 0 1604 0 1497
103160 647 517 750 572 479 879 383 845 * 0 0 0 0 0 0 0 0
103162 933 729 943 907 564 1040 550 857 * 1208 1546 1208 1611 0 1611 0 1546
103164 915 655 955 782 544 991 492 859 * 0 0 0 0 0 0 0 0
103165 835 471 849 648 369 795 355 607 * 0 0 0 0 0 0 0 0
103167 859 635 867 786 444 911 436 750 * 784 1458 784 1475 0 1475 0 1458
103168 581 759 559 878 158 644 149 546 * 0 0 0 0 0 0 0 0
103170 855 570 869 754 485 884 467 691 * 0 0 0 0 0 0 0 0
103172 862 508 882 643 538 840 501 671 * 1179 1499 1179 1572 0 1572 0 1499
103176 891 427 907 501 670 650 665 582 * 0 0 0 0 0 0 0 0
103182 725 478 737 542 558 668 542 599 * 0 0 0 0 0 0 0 0
103183 902 335 897 432 449 608 420 517 * 1362 917 1362 1021 20 1021 20 917
103187 772 530 797 607 586 779 563 691 * 0 0 0 0 0 0 0 0
103189 956 409 960 502 632 711 613 605 * 0 0 0 0 0 0 0 0
103193 575 520 575 545 495 539 495 514 * 0 0 0 0 0 0 0 0
103194 934 174 930 283 455 278 459 170 * 1607 865 1607 902 0 902 0 865
103196 1325 545 1327 672 1037 888 1032 737 * 0 0 0 0 0 0 0 0
103197 1051 644 1055 672 951 681 948 648 * 0 0 0 0 0 0 0 0
103201 633 680 631 729 451 735 450 682 * 676 1968 676 1985 185 1985 185 1968
103202 717 765 717 789 633 790 632 765 * 368 2063 368 2101 160 2101 160 2063
103203 229 753 228 785 98 776 99 745 * 1183 1990 1183 2026 705 2026 705 1990
103205 674 955 700 987 595 1076 568 1041 * 997 1816 997 1846 0 1846 0 1816
103206 237 879 236 913 116 904 117 872 * 840 2021 840 2034 392 2034 392 2021
103207 660 1004 664 1032 573 1038 571 1009 * 591 1607 591 1680 487 1680 487 1607
103209 892 441 894 497 682 501 680 446 * 0 0 0 0 0 0 0 0
103210 573 921 573 970 382 966 385 915 * 0 0 0 0 0 0 0 0
103211 940 470 942 537 711 532 708 466 * 0 0 0 0 0 0 0 0
103212 497 813 498 832 436 831 437 812 * 0 0 0 0 0 0 0 0
103213 390 839 388 866 304 860 310 833 * 0 0 0 0 0 0 0 0
103214 546 807 545 830 450 831 450 810 * 0 0 0 0 0 0 0 0
103215 1133 601 1135 641 1033 639 1031 599 * 1625 1053 1625 1078 617 1078 617 1053
103216 1134 536 1134 624 836 613 836 528 * 0 0 0 0 0 0 0 0
103218 611 788 611 865 457 865 459 785 * 0 0 0 0 0 0 0 0
103219 1948 335 1948 367 1829 370 1827 337 * 621 1155 621 1213 0 1213 0 1155
103221 598 610 596 734 388 638 386 519 * 0 0 0 0 0 0 0 0
103228 664 612 671 705 343 877 319 781 * 0 0 0 0 0 0 0 0
103232 702 1004 699 1076 313 954 298 889 * 563 1410 563 1511 0 1511 0 1410
103234 725 876 694 984 374 795 387 704 * 0 0 0 0 0 0 0 0
103239 629 908 617 1011 330 863 339 770 * 0 0 0 0 0 0 0 0
103243 579 321 602 376 441 477 413 419 * 0 0 0 0 0 0 0 0
103246 507 662 504 729 274 604 261 537 * 0 0 0 0 0 0 0 0
103247 680 397 685 471 491 674 465 603 * 912 1184 912 1216 151 1216 151 1184
103249 715 470 728 523 546 649 525 597 * 0 0 0 0 0 0 0 0
103250 639 445 643 510 458 634 444 562 * 0 0 0 0 0 0 0 0
103251 567 648 549 711 321 530 327 468 * 0 0 0 0 0 0 0 0
103252 585 460 594 524 338 629 319 566 * 0 0 0 0 0 0 0 0
103258 1112 611 1114 682 859 787 851 710 * 1162 770 1162 844 236 844 236 770
103268 1139 584 1208 755 851 917 770 731 * 0 0 0 0 0 0 0 0
103270 521 685 492 754 374 711 401 641 * 0 0 0 0 0 0 0 0
103274 900 888 900 915 819 915 819 888 * 0 0 0 0 0 0 0 0
103277 1586 717 1602 910 1153 1024 1133 826 * 0 0 0 0 0 0 0 0
103280 667 446 672 522 531 572 524 493 * 0 0 0 0 0 0 0 0
103283 1406 862 1409 1013 1073 921 1066 778 * 0 0 0 0 0 0 0 0
103286 719 692 728 841 422 937 411 784 * 0 0 0 0 0 0 0 0
103288 1067 729 1044 902 423 1336 412 1138 * 0 0 0 0 0 0 0 0
103293 1215 1275 1221 1424 509 1360 502 1216 * 1288 2331 1288 2354 0 2354 0 2331
103295 745 724 804 800 591 994 523 909 * 0 0 0 0 0 0 0 0
103296 882 710 894 921 452 1055 435 838 * 1506 1843 1506 2009 0 2009 0 1843
103298 518 782 521 861 266 834 261 757 * 0 0 0 0 0 0 0 0
103299 982 630 1008 795 740 992 714 816 * 1636 2102 1636 2182 167 2182 167 2102
103302 687 589 744 669 477 779 424 691 * 1358 1782 1358 1811 275 1811 275 1782
103304 714 776 760 887 568 968 515 848 * 1370 1819 1370 1827 223 1827 223 1819
103305 1197 971 1209 1128 571 1287 552 1111 * 1631 2112 1631 2175 0 2175 0 2112
103306 1274 1119 1237 1232 464 1302 448 1192 * 985 2032 985 2243 0 2243 0 2032
103309 462 406 461 426 387 419 388 398 * 0 0 0 0 0 0 0 0
103310 1681 660 1543 844 1204 464 1286 309 * 1440 1441 1440 1450 0 1450 0 1441
103311 1503 776 1421 932 1080 686 1145 561 * 1447 1463 1447 1503 0 1503 0 1463
103313 1302 996 1222 1129 964 766 1019 650 * 1571 2023 1571 2095 0 2095 0 2023
103314 1174 599 1162 759 469 697 464 536 * 1578 1509 1578 1555 0 1555 0 1509
103316 859 950 862 1075 561 1021 561 901 * 1558 2044 1558 2078 0 2078 0 2044
103317 883 825 891 896 735 1016 728 939 * 974 1856 974 1997 0 1997 0 1856
103320 1324 549 1402 712 750 1144 625 1038 * 2174 1609 2174 1630 164 1630 164 1609
103321 1065 976 1076 1169 668 1272 652 1076 * 1651 2087 1651 2202 0 2202 0 2087
103322 1236 661 1153 781 956 537 1027 430 * 1193 1437 1193 1459 0 1459 0 1437
103325 1326 592 1316 737 757 816 768 663 * 1345 1588 1345 1673 0 1673 0 1588
103326 961 792 961 867 725 871 721 800 * 1042 2041 1042 2096 0 2096 0 2041
103328 476 436 481 500 209 657 194 591 * 806 1054 806 1133 0 1133 0 1054
103331 829 820 831 887 513 898 513 829 * 939 1766 939 1943 0 1943 0 1766
103333 1382 486 1365 550 1112 491 1129 432 * 1341 1355 1341 1473 252 1473 252 1355
103334 938 434 941 524 763 522 765 436 * 1724 1312 1724 1505 0 1505 0 1312
103337 1049 717 1061 827 792 1020 772 906 * 0 0 0 0 0 0 0 0
103339 899 838 893 939 573 777 566 681 * 0 0 0 0 0 0 0 0
103340 1216 608 1352 966 635 1284 495 888 * 2732 1729 2732 2048 0 2048 0 1729
103345 1065 312 1044 415 660 435 672 320 * 1417 823 1417 923 227 923 227 823
103348 1055 516 1051 643 620 721 628 587 * 1382 1026 1382 1071 0 1071 0 1026
103350 1117 424 1106 531 749 657 749 522 * 1741 951 1741 977 940 977 940 951
103352 1212 305 1203 474 693 468 707 300 * 1501 754 1501 908 0 908 0 754
103353 1175 335 1157 481 748 554 767 363 * 1797 877 1797 1060 0 1060 0 877
103354 1375 229 1380 431 864 568 864 353 * 1723 702 1723 967 0 967 0 702
103356 1103 488 1082 654 535 464 530 319 * 1877 1039 1877 1054 453 1054 453 1039
103360 1115 171 1125 373 615 507 605 296 * 1690 781 1690 948 0 948 0 781
103361 1172 236 1131 353 820 359 867 212 * 1537 868 1537 876 184 876 184 868
103364 1111 192 1107 355 625 491 629 314 * 1695 820 1695 951 0 951 0 820
103366 858 453 855 476 779 466 783 444 * 0 0 0 0 0 0 0 0
103367 323 419 342 480 199 602 169 533 * 1166 843 1166 943 297 943 297 843
103368 954 463 931 529 816 414 837 355 * 986 934 986 956 492 956 492 934
103369 725 419 735 481 662 579 652 513 * 1246 835 1246 916 349 916 349 835
103372 916 480 893 547 796 421 815 370 * 1024 920 1024 948 345 948 345 920
103374 631 419 641 450 584 477 574 440 * 0 0 0 0 0 0 0 0
103375 833 501 830 554 735 522 736 471 * 942 928 942 941 200 941 200 928
103377 345 449 347 463 301 464 299 451 * 0 0 0 0 0 0 0 0
103378 465 386 472 432 394 497 386 444 * 936 873 936 943 480 943 480 873
103379 997 553 964 651 673 467 693 378 * 1223 886 1223 977 100 977 100 886
103380 831 417 831 438 774 434 774 415 * 0 0 0 0 0 0 0 0
103381 1179 735 1168 826 1006 791 1006 710 * 0 0 0 0 0 0 0 0
103382 868 475 846 542 705 467 722 411 * 1150 941 1150 964 337 964 337 941
103383 778 532 752 610 666 492 688 432 * 860 798 860 897 352 897 352 798
103384 366 473 368 496 313 502 311 475 * 0 0 0 0 0 0 0 0
103385 866 540 866 564 785 560 783 538 * 0 0 0 0 0 0 0 0
103387 865 486 865 508 806 504 806 484 * 0 0 0 0 0 0 0 0
103388 713 343 713 360 675 358 675 341 * 1355 930 1355 949 852 949 852 930
103389 940 394 930 486 680 746 680 637 * 1270 932 1270 959 0 959 0 932
103390 419 659 422 704 282 701 282 656 * 1336 1108 1336 1186 750 1186 750 1108
103391 822 445 820 469 732 463 738 436 * 0 0 0 0 0 0 0 0
103392 340 506 355 571 222 719 201 643 * 1384 937 1384 952 891 952 891 937
103393 999 511 997 531 940 525 942 505 * 0 0 0 0 0 0 0 0
103394 854 388 848 443 750 524 754 459 * 0 0 0 0 0 0 0 0
103395 727 537 727 561 651 561 647 537 * 0 0 0 0 0 0 0 0
103398 1586 750 1577 1051 616 853 625 571 * 2380 1721 2380 1764 0 1764 0 1721
103399 1401 550 1403 703 870 963 848 800 * 0 0 0 0 0 0 0 0
103401 1213 436 1213 571 765 679 769 531 * 0 0 0 0 0 0 0 0
103402 1521 216 1542 441 935 824 845 536 * 2168 1242 2168 1607 0 1607 0 1242
103405 1500 702 1468 857 805 1083 780 922 * 0 0 0 0 0 0 0 0
103406 1468 635 1439 809 826 620 819 460 * 1938 1344 1938 1436 0 1436 0 1344
103407 1156 539 1156 702 690 583 690 430 * 0 0 0 0 0 0 0 0
103408 1752 761 1746 927 1204 1321 1181 1158 * 0 0 0 0 0 0 0 0
103409 1719 868 1698 1009 1241 1299 1246 1145 * 2086 1421 2086 1546 0 1546 0 1421
103410 1253 891 1241 1024 663 692 641 551 * 0 0 0 0 0 0 0 0
103411 1519 357 1542 702 692 982 662 615 * 2153 1488 2153 1596 0 1596 0 1488
103412 1253 375 1242 500 842 711 824 577 * 0 0 0 0 0 0 0 0
103413 1472 903 1439 1108 719 914 719 730 * 0 0 0 0 0 0 0 0
103415 1948 495 1957 760 1088 958 1071 679 * 2390 1758 2390 1772 0 1772 0 1758
103419 1094 540 1111 738 528 870 511 666 * 1814 1167 1814 1355 0 1355 0 1167
103424 500 218 565 325 287 426 214 338 * 1263 835 1263 847 372 847 372 835
103427 367 587 372 622 259 636 249 600 * 446 1640 446 1676 22 1676 22 1640
103428 376 698 376 722 293 720 293 698 * 0 0 0 0 0 0 0 0
103429 413 274 385 390 279 280 302 183 * 598 1710 598 1795 0 1795 0 1710
103430 512 173 512 212 387 212 387 173 * 592 1388 592 1405 167 1405 167 1388
103432 734 833 673 917 501 601 540 525 * 630 1555 630 1731 0 1731 0 1555
103435 929 728 941 855 479 886 462 758 * 1091 1922 1091 2035 0 2035 0 1922
103436 387 437 385 490 233 483 236 433 * 567 1716 567 1738 0 1738 0 1716
103437 357 544 394 636 239 1050 182 987 * 873 1537 873 1551 0 1551 0 1537
103438 508 702 495 853 301 814 307 681 * 901 1676 901 1686 303 1686 303 1676
103439 593 514 598 580 441 674 431 611 * 1035 1796 1035 1837 0 1837 0 1796
103443 838 628 845 748 413 875 398 745 * 1102 1112 1102 1489 0 1489 0 1112
103444 643 1000 620 1092 223 889 225 794 * 1168 1313 1168 1642 189 1642 189 1313
103445 635 752 630 834 220 990 191 903 * 0 0 0 0 0 0 0 0
103446 952 571 964 693 498 869 464 736 * 0 0 0 0 0 0 0 0
103448 575 821 565 907 215 815 205 728 * 0 0 0 0 0 0 0 0
103450 646 788 626 854 295 746 291 675 * 0 0 0 0 0 0 0 0
103452 1008 835 963 942 537 747 549 640 * 0 0 0 0 0 0 0 0
103453 830 570 835 676 597 750 593 641 * 1166 1449 1166 1575 525 1575 525 1449
103455 929 330 929 428 635 582 615 478 * 0 0 0 0 0 0 0 0
103457 665 553 660 631 330 796 322 724 * 1051 1383 1051 1420 177 1420 177 1383
103460 557 759 539 826 160 667 147 588 * 0 0 0 0 0 0 0 0
103461 776 486 759 565 381 700 375 626 * 0 0 0 0 0 0 0 0
103462 952 546 921 648 394 719 383 605 * 734 1004 734 1036 0 1036 0 1004
103463 675 356 697 454 427 795 380 717 * 0 0 0 0 0 0 0 0
103464 626 468 626 597 391 496 389 375 * 0 0 0 0 0 0 0 0
103465 750 321 747 426 338 561 298 485 * 963 1226 963 1284 0 1284 0 1226
103466 668 567 650 640 322 530 314 453 * 0 0 0 0 0 0 0 0
103469 1226 657 1232 879 599 1053 593 818 * 0 0 0 0 0 0 0 0
103470 677 476 664 525 352 454 341 403 * 945 1204 945 1260 0 1260 0 1204
103474 1023 409 1026 513 635 487 628 388 * 0 0 0 0 0 0 0 0
103477 1141 417 1139 542 659 536 653 411 * 0 0 0 0 0 0 0 0
103478 1059 434 1059 557 587 542 582 423 * 1639 866 1639 921 0 921 0 866
103485 1214 1132 1196 1352 771 1331 789 1116 * 2181 2992 2181 3263 0 3263 0 2992
103486 1315 1246 1315 1301 1129 1304 1129 1246 * 0 0 0 0 0 0 0 0
103487 1321 1207 1321 1265 1135 1265 1132 1204 * 2447 3254 2447 3263 0 3263 0 3254
103488 1533 765 1517 948 1135 908 1147 728 * 0 0 0 0 0 0 0 0
103489 1523 755 1505 945 1123 908 1138 725 * 2447 3158 2447 3263 472 3263 472 3158
103490 1416 1210 1410 1271 1230 1256 1236 1198 * 2225 3240 2225 3263 0 3263 0 3240
103491 1728 768 1790 1025 1401 1061 1358 798 * 2447 3155 2447 3263 221 3263 221 3155
103492 2353 1306 2371 1377 2145 1386 2123 1306 * 1849 3043 1849 3263 0 3263 0 3043
103494 354 1178 358 1220 168 1214 171 1171 * 0 0 0 0 0 0 0 0
103496 1582 1417 1569 1677 752 1641 765 1387 * 2447 3254 2447 3263 0 3263 0 3254
103500 1679 1392 1673 1572 1037 2086 1003 1912 * 0 0 0 0 0 0 0 0
103502 715 464 735 529 544 660 519 597 * 0 0 0 0 0 0 0 0
103504 1033 59 1029 566 32 545 52 44 * 0 0 0 0 0 0 0 0
103505 1263 1495 1257 1572 1000 1559 1006 1480 * 0 0 0 0 0 0 0 0
103509 136 318 134 339 65 324 65 301 * 0 0 0 0 0 0 0 0
103510 1494 896 1490 1071 902 1052 911 877 * 2447 3183 2447 3263 0 3263 0 3183
103511 1184 1465 1175 1508 1034 1484 1040 1438 * 0 0 0 0 0 0 0 0
103512 1196 1398 1193 1484 1018 1477 1018 1389 * 2447 3067 2447 3263 15 3263 15 3067
103513 1358 1129 1352 1187 1175 1178 1178 1119 * 2447 3044 2447 3263 0 3263 0 3044
103514 538 1438 541 1526 244 1530 238 1441 * 2447 3228 2447 3263 266 3263 266 3228
103515 2132 1413 2135 1505 1808 1496 1805 1404 * 2194 3213 2194 3263 0 3263 0 3213
103516 826 386 826 436 652 436 650 384 * 1599 1181 1599 1199 69 1199 69 1181
103517 870 250 870 294 720 296 720 250 * 953 1144 953 1199 476 1199 476 1144
103522 1184 728 1186 768 1042 768 1040 728 * 0 0 0 0 0 0 0 0
103523 754 542 754 586 590 586 590 542 * 0 0 0 0 0 0 0 0
103524 662 556 662 606 492 608 492 558 * 0 0 0 0 0 0 0 0
103525 645 247 645 272 564 273 565 248 * 1204 709 1204 719 932 719 932 709
103526 306 536 308 582 130 586 130 540 * 0 0 0 0 0 0 0 0
103530 1722 1334 1716 1450 1282 1432 1288 1309 * 2167 3203 2167 3263 0 3263 0 3203
103531 1805.0 1106.0 1805.0 1182.0 1564.0 1174.0 1564.0 1100.0 * 2447 2882 2447 3263 0 3263 0 2882
103532 2013 630 2016 734 1646 719 1640 621 * 1463 3100 1463 3263 0 3263 0 3100
103533 946 1230 946 1262 820 1272 820 1236 * 0 0 0 0 0 0 0 0
103536 1014 458 1010 508 838 508 840 460 * 0 0 0 0 0 0 0 0
103539 779 203 784 272 584 280 576 216 * 1279 701 1279 719 143 719 143 701
103544 1134.0 1178.0 1130.0 1250.0 962.0 1288.0 965.0 1214.0 * 2130 3131 2130 3263 363 3263 363 3131
103545 584 1123 587 1165 434 1162 437 1119 * 1612 3169 1612 3263 0 3263 0 3169
103546 1566 1187 1557 1242 1355 1224 1358 1165 * 0 0 0 0 0 0 0 0
103549 131 16 132 48 9 48 9 16 * 0 0 0 0 0 0 0 0
103556 1770 934 1774 1068 1362 1048 1354 918 * 0 0 0 0 0 0 0 0
103558 1350 1256 1346 1301 1187 1297 1191 1256 * 0 0 0 0 0 0 0 0
103560 204 408 208 461 20 489 8 432 * 0 0 0 0 0 0 0 0
103561 1648 1191 1648 1244 1452 1232 1452 1179 * 0 0 0 0 0 0 0 0
103564 979 1282 979 1352 755 1355 752 1279 * 1711 2870 1711 3067 1320 3067 1320 2870
103566 401 327 356 349 228 260 276 234 * 461 445 461 479 0 479 0 445
103567 2169 1878 2162 2184 960 2105 971 1795 * 3023 3724 3023 4031 0 4031 0 3724
103568 1701 1863 1697 2003 1164 1973 1168 1837 * 0 0 0 0 0 0 0 0
103570 1693 1750 1704 1905 1190 1950 1183 1795 * 1450 3865 1450 4031 0 4031 0 3865
103573 1168 1387 1168 1417 1092 1417 1096 1391 * 0 0 0 0 0 0 0 0
103574 1742 1572 1746 1663 1470 1663 1462 1568 * 0 0 0 0 0 0 0 0
103575 1489 1451 1485 1542 1224 1534 1232 1443 * 0 0 0 0 0 0 0 0
103581 2792 1285 2832 1713 1335 1809 1305 1380 * 4031 2902 4031 3023 0 3023 0 2902
103587 2696 774 2706 1228 1174 1328 1128 860 * 4031 2817 4031 3023 0 3023 0 2817
103588 2560 666 2585 1105 1108 1241 1058 757 * 3469 3002 3469 3023 0 3023 0 3002
103593 2429 1117 2338 1424 1396 1318 1486 966 * 2598 2911 2598 3023 0 3023 0 2911
103615 2288 1276 2268 1367 2031 1367 2056 1256 * 0 0 0 0 0 0 0 0
103624 1345 1980 1315 2237 750 1930 771 1733 * 2065 2664 2065 3023 0 3023 0 2664
103632 2409 1053 2394 1118 2192 1093 2212 1018 * 0 0 0 0 0 0 0 0
103633 2430 1013 2415 1083 2219 1058 2229 982 * 0 0 0 0 0 0 0 0
103634 2635 982 2615 1048 2459 1023 2474 957 * 0 0 0 0 0 0 0 0
103640 2968 1676 2882 1812 2474 1716 2565 1570 * 0 0 0 0 0 0 0 0
103648 2187 1755 2172 1816 1955 1755 1970 1705 * 0 0 0 0 0 0 0 0
103659 1228 841 1228 1105 508 1311 501 1030 * 1823 3072 1823 3263 0 3263 0 3072
103664 1436 1301 1436 1370 1232 1346 1232 1285 * 0 0 0 0 0 0 0 0
103665 2150 1738 2135 1995 1205 2370 1168 2120 * 0 0 0 0 0 0 0 0
103666 1288 1631 1288 1718 1050 1703 1058 1612 * 3023 3868 3023 4031 0 4031 0 3868
103668 1614 1057 1617 1136 1394 1129 1391 1053 * 1717 4014 1717 4031 0 4031 0 4014
103669 1273 1825 1254 1908 1024 1890 1043 1803 * 0 0 0 0 0 0 0 0
103670 937 1493 914 1632 623 1587 642 1455 * 1864 3983 1864 4031 0 4031 0 3983
103672 1965 1493 1946 1606 1632 1564 1644 1447 * 1559 3988 1559 4031 0 4031 0 3988
103676 2439 1108 2444 1169 2308 1209 2308 1139 * 3173 2796 3173 3023 1200 3023 1200 2796
103679 1995 614 2091 781 1718 1285 1552 1088 * 3769 2971 3769 3023 524 3023 524 2971
103683 1137 1687 1105 1933 303 1810 328 1575 * 1823 2864 1823 3263 0 3263 0 2864
103685 1420 1274 1317 1643 175 1315 243 964 * 1823 3061 1823 3263 0 3263 0 3061
103686 1735 1370 1625 1627 939 1187 1010 946 * 1343 3018 1343 3263 0 3263 0 3018
103690 1210 764 1210 816 1110 820 1112 762 * 0 0 0 0 0 0 0 0
103691 1254 760 1254 808 1104 810 1104 762 * 0 0 0 0 0 0 0 0
103692 631 447 628 518 441 505 447 440 * 0 0 0 0 0 0 0 0
103703 422 520 423 558 337 552 336 516 * 0 0 0 0 0 0 0 0
103706 493 574 495 612 402 606 400 571 * 0 0 0 0 0 0 0 0
103708 1676 899 1661 1272 829 1245 859 856 * 1688 2949 1688 3263 0 3263 0 2949
103710 738 1776 721 1932 1060 1932 1069 1779 * 0 0 0 0 0 0 0 0
103712 861 2192 842 2400 1222 2540 1248 2332 * 0 0 0 0 0 0 0 0
103716 2096 1965 2096 2076 1809 2016 1814 1915 * 0 0 0 0 0 0 0 0
103717 1470 1585 1461 1698 1730 1744 1734 1618 * 0 0 0 0 0 0 0 0
103719 2116 1300 2116 1365 1895 1350 1900 1285 * 0 0 0 0 0 0 0 0
103733 1396 1683 1396 1789 1113 1779 1118 1673 * 0 0 0 0 0 0 0 0
103735 1597 2066 1607 2212 1058 2222 1043 2081 * 0 0 0 0 0 0 0 0
